Time 2-M-Pu-Total 2-M-Pu8 2-M-Pu9 2-M-Pu10 2-M-Pu11 2-M-Pu12 
9.166666666666666 0.04097703678818807 0.019088613730720898 0.4249378736091076 0.28567183653413586 0.16302097772082053 0.10728069840521512 
10.666666666666666 0.04097703678818807 0.019088613730720898 0.4249378736091076 0.28567183653413586 0.16302097772082053 0.10728069840521512 
12.166666666666666 0.04097703678818807 0.019088613730720898 0.4249378736091076 0.28567183653413586 0.16302097772082053 0.10728069840521512 
13.666666666666666 0.04097703678818807 0.019088613730720898 0.4249378736091076 0.28567183653413586 0.16302097772082053 0.10728069840521512 
15.166666666666666 0.04097703678818807 0.019088613730720898 0.4249378736091076 0.28567183653413586 0.16302097772082053 0.10728069840521512 
16.666666666666668 0.04097703678818807 0.019088613730720898 0.4249378736091076 0.28567183653413586 0.16302097772082053 0.10728069840521512 
18.166666666666668 0.04097703678818807 0.019088613730720898 0.4249378736091076 0.28567183653413586 0.16302097772082053 0.10728069840521512 
19.666666666666668 0.04097703678818807 0.019088613730720898 0.4249378736091076 0.28567183653413586 0.16302097772082053 0.10728069840521512 
21.166666666666668 0.04097703678818807 0.019088613730720898 0.4249378736091076 0.28567183653413586 0.16302097772082053 0.10728069840521512 
22.666666666666668 0.04097703678818807 0.019088613730720898 0.4249378736091076 0.28567183653413586 0.16302097772082053 0.10728069840521512 
24.166666666666668 0.04097703678818807 0.019088613730720898 0.4249378736091076 0.28567183653413586 0.16302097772082053 0.10728069840521512 
25.666666666666668 0.04097703678818807 0.019088613730720898 0.4249378736091076 0.28567183653413586 0.16302097772082053 0.10728069840521512 
27.166666666666668 0.04097703678818807 0.019088613730720898 0.4249378736091076 0.28567183653413586 0.16302097772082053 0.10728069840521512 
28.666666666666668 0.04097703678818807 0.019088613730720898 0.4249378736091076 0.28567183653413586 0.16302097772082053 0.10728069840521512 
30.166666666666668 0.04097703678818807 0.019088613730720898 0.4249378736091076 0.28567183653413586 0.16302097772082053 0.10728069840521512 
31.666666666666668 0.04097703678818807 0.019088613730720898 0.4249378736091076 0.28567183653413586 0.16302097772082053 0.10728069840521512 
33.166666666666664 0.04097703678818807 0.019088613730720898 0.4249378736091076 0.28567183653413586 0.16302097772082053 0.10728069840521512 
34.666666666666664 0.04097703678818807 0.019088613730720898 0.4249378736091076 0.28567183653413586 0.16302097772082053 0.10728069840521512 
36.166666666666664 0.04097703678818807 0.019088613730720898 0.4249378736091076 0.28567183653413586 0.16302097772082053 0.10728069840521512 
37.666666666666664 0.04097703678818807 0.019088613730720898 0.4249378736091076 0.28567183653413586 0.16302097772082053 0.10728069840521512 
39.166666666666664 0.04097703678818807 0.019088613730720898 0.4249378736091076 0.28567183653413586 0.16302097772082053 0.10728069840521512 
40.666666666666664 0.04097703678818807 0.019088613730720898 0.4249378736091076 0.28567183653413586 0.16302097772082053 0.10728069840521512 
42.166666666666664 0.04097703678818807 0.019088613730720898 0.4249378736091076 0.28567183653413586 0.16302097772082053 0.10728069840521512 
43.666666666666664 0.04097703678818807 0.019088613730720898 0.4249378736091076 0.28567183653413586 0.16302097772082053 0.10728069840521512 
45.166666666666664 0.04097703678818807 0.019088613730720898 0.4249378736091076 0.28567183653413586 0.16302097772082053 0.10728069840521512 
46.666666666666664 0.04097703678818807 0.019088613730720898 0.4249378736091076 0.28567183653413586 0.16302097772082053 0.10728069840521512 
48.166666666666664 0.04097703678818807 0.019088613730720898 0.4249378736091076 0.28567183653413586 0.16302097772082053 0.10728069840521512 
49.666666666666664 0.04097703678818807 0.019088613730720898 0.4249378736091076 0.28567183653413586 0.16302097772082053 0.10728069840521512 
51.166666666666664 0.04097703678818807 0.019088613730720898 0.4249378736091076 0.28567183653413586 0.16302097772082053 0.10728069840521512 
52.666666666666664 0.04097703678818807 0.019088613730720898 0.4249378736091076 0.28567183653413586 0.16302097772082053 0.10728069840521512 
54.166666666666664 0.04097703678818807 0.019088613730720898 0.4249378736091076 0.28567183653413586 0.16302097772082053 0.10728069840521512 
55.666666666666664 0.04097703678818807 0.019088613730720898 0.4249378736091076 0.28567183653413586 0.16302097772082053 0.10728069840521512 
57.166666666666664 0.04097703678818807 0.019088613730720898 0.4249378736091076 0.28567183653413586 0.16302097772082053 0.10728069840521512 
58.666666666666664 0.04097703678818807 0.019088613730720898 0.4249378736091076 0.28567183653413586 0.16302097772082053 0.10728069840521512 
60.166666666666664 0.04097703678818807 0.019088613730720898 0.4249378736091076 0.28567183653413586 0.16302097772082053 0.10728069840521512 
61.666666666666664 0.04097703678818807 0.019088613730720898 0.4249378736091076 0.28567183653413586 0.16302097772082053 0.10728069840521512 
63.166666666666664 0.04097703678818807 0.019088613730720898 0.4249378736091076 0.28567183653413586 0.16302097772082053 0.10728069840521512 
64.66666666666667 0.04097703678818807 0.019088613730720898 0.4249378736091076 0.28567183653413586 0.16302097772082053 0.10728069840521512 
66.16666666666667 0.04097703678818807 0.019088613730720898 0.4249378736091076 0.28567183653413586 0.16302097772082053 0.10728069840521512 
67.66666666666667 0.04097703678818807 0.019088613730720898 0.4249378736091076 0.28567183653413586 0.16302097772082053 0.10728069840521512 
69.16666666666667 0.04097703678818807 0.019088613730720898 0.4249378736091076 0.28567183653413586 0.16302097772082053 0.10728069840521512 
70.66666666666667 0.04097703678818807 0.019088613730720898 0.4249378736091076 0.28567183653413586 0.16302097772082053 0.10728069840521512 
72.16666666666667 0.04097703678818807 0.019088613730720898 0.4249378736091076 0.28567183653413586 0.16302097772082053 0.10728069840521512 
73.66666666666667 0.04097703678818807 0.019088613730720898 0.4249378736091076 0.28567183653413586 0.16302097772082053 0.10728069840521512 
75.16666666666667 0.04097703678818807 0.019088613730720898 0.4249378736091076 0.28567183653413586 0.16302097772082053 0.10728069840521512 
76.66666666666667 0.04097703678818807 0.019088613730720898 0.4249378736091076 0.28567183653413586 0.16302097772082053 0.10728069840521512 
78.16666666666667 0.04097703678818807 0.019088613730720898 0.4249378736091076 0.28567183653413586 0.16302097772082053 0.10728069840521512 
79.66666666666667 0.04097703678818807 0.019088613730720898 0.4249378736091076 0.28567183653413586 0.16302097772082053 0.10728069840521512 
81.16666666666667 0.04097703678818807 0.019088613730720898 0.4249378736091076 0.28567183653413586 0.16302097772082053 0.10728069840521512 
82.66666666666667 0.04097703678818807 0.019088613730720898 0.4249378736091076 0.28567183653413586 0.16302097772082053 0.10728069840521512 
84.16666666666667 0.04097703678818807 0.019088613730720898 0.4249378736091076 0.28567183653413586 0.16302097772082053 0.10728069840521512 
85.66666666666667 0.04097703678818807 0.019088613730720898 0.4249378736091076 0.28567183653413586 0.16302097772082053 0.10728069840521512 
87.16666666666667 0.04097703678818807 0.019088613730720898 0.4249378736091076 0.28567183653413586 0.16302097772082053 0.10728069840521512 
87.25 0.1389947140302024 0.016299884504276135 0.5058510203615343 0.24784815436046737 0.13878084059665302 0.09122010017706912 
88.75 0.04097703678818807 0.019088613730720898 0.4249378736091076 0.28567183653413586 0.16302097772082053 0.10728069840521512 
90.25 0.04097703678818807 0.019088613730720898 0.4249378736091076 0.28567183653413586 0.16302097772082053 0.10728069840521512 
91.75 0.04097703678818807 0.019088613730720898 0.4249378736091076 0.28567183653413586 0.16302097772082053 0.10728069840521512 
93.25 0.04097703678818807 0.019088613730720898 0.4249378736091076 0.28567183653413586 0.16302097772082053 0.10728069840521512 
94.75 0.04097703678818807 0.019088613730720898 0.4249378736091076 0.28567183653413586 0.16302097772082053 0.10728069840521512 
96.25 0.04097703678818807 0.019088613730720898 0.4249378736091076 0.28567183653413586 0.16302097772082053 0.10728069840521512 
97.75 0.04097703678818807 0.019088613730720898 0.4249378736091076 0.28567183653413586 0.16302097772082053 0.10728069840521512 
99.25 0.04097703678818807 0.019088613730720898 0.4249378736091076 0.28567183653413586 0.16302097772082053 0.10728069840521512 
