Time 3-W-Pu-Total 3-W-Pu8 3-W-Pu9 3-W-Pu10 3-W-Pu11 3-W-Pu12 
9.333333333333334 0.03925156105467639 0.021356227750116533 0.4447443433765805 0.3021675750945062 0.11973085132783336 0.11200100245096328 
10.833333333333334 0.03925156105467639 0.021356227750116533 0.4447443433765805 0.3021675750945062 0.11973085132783336 0.11200100245096328 
12.333333333333334 0.039251561054676386 0.021356227750116537 0.4447443433765805 0.30216757509450626 0.11973085132783336 0.11200100245096332 
13.833333333333334 0.03925156105467639 0.021356227750116533 0.4447443433765805 0.3021675750945062 0.11973085132783336 0.11200100245096328 
15.333333333333334 0.039251561054676386 0.021356227750116537 0.4447443433765805 0.30216757509450626 0.11973085132783336 0.11200100245096332 
16.833333333333332 0.03925156105467638 0.02135622775011654 0.44474434337658053 0.30216757509450626 0.11973085132783333 0.11200100245096332 
18.333333333333332 0.03925156105467639 0.021356227750116533 0.4447443433765805 0.3021675750945062 0.11973085132783336 0.11200100245096328 
19.833333333333332 0.039251561054676386 0.021356227750116537 0.4447443433765805 0.30216757509450626 0.11973085132783336 0.11200100245096332 
21.333333333333332 0.039251561054676386 0.021356227750116537 0.4447443433765805 0.30216757509450626 0.11973085132783336 0.11200100245096332 
22.833333333333332 0.039251561054676386 0.021356227750116537 0.4447443433765805 0.30216757509450626 0.11973085132783336 0.11200100245096332 
24.333333333333332 0.039251561054676386 0.021356227750116537 0.4447443433765805 0.30216757509450626 0.11973085132783336 0.11200100245096332 
25.833333333333332 0.03925156105467638 0.02135622775011654 0.44474434337658053 0.30216757509450626 0.11973085132783333 0.11200100245096332 
27.333333333333332 0.039251561054676386 0.021356227750116537 0.4447443433765805 0.30216757509450626 0.11973085132783336 0.11200100245096332 
28.833333333333332 0.039251561054676386 0.021356227750116537 0.4447443433765805 0.30216757509450626 0.11973085132783336 0.11200100245096332 
30.333333333333332 0.039251561054676386 0.021356227750116537 0.4447443433765805 0.30216757509450626 0.11973085132783336 0.11200100245096332 
31.833333333333332 0.039251561054676386 0.021356227750116537 0.4447443433765805 0.30216757509450626 0.11973085132783336 0.11200100245096332 
33.333333333333336 0.03925156105467638 0.02135622775011654 0.44474434337658053 0.30216757509450626 0.11973085132783333 0.11200100245096332 
34.833333333333336 0.03925156105467639 0.021356227750116533 0.4447443433765805 0.3021675750945062 0.11973085132783336 0.11200100245096328 
36.333333333333336 0.03925156105467639 0.021356227750116533 0.4447443433765805 0.3021675750945062 0.11973085132783336 0.11200100245096328 
37.833333333333336 0.039251561054676386 0.021356227750116537 0.4447443433765805 0.30216757509450626 0.11973085132783336 0.11200100245096332 
39.333333333333336 0.039251561054676386 0.021356227750116537 0.4447443433765805 0.30216757509450626 0.11973085132783336 0.11200100245096332 
40.833333333333336 0.039251561054676386 0.021356227750116537 0.4447443433765805 0.30216757509450626 0.11973085132783336 0.11200100245096332 
42.333333333333336 0.039251561054676386 0.021356227750116537 0.4447443433765805 0.30216757509450626 0.11973085132783336 0.11200100245096332 
43.833333333333336 0.039251561054676386 0.021356227750116537 0.4447443433765805 0.30216757509450626 0.11973085132783336 0.11200100245096332 
45.333333333333336 0.03925156105467638 0.02135622775011654 0.44474434337658053 0.30216757509450626 0.11973085132783333 0.11200100245096332 
46.833333333333336 0.03925156105467638 0.02135622775011654 0.44474434337658053 0.30216757509450626 0.11973085132783333 0.11200100245096332 
48.333333333333336 0.03925156105467639 0.021356227750116533 0.4447443433765805 0.3021675750945062 0.11973085132783336 0.11200100245096328 
49.833333333333336 0.039251561054676386 0.021356227750116537 0.4447443433765805 0.30216757509450626 0.11973085132783336 0.11200100245096332 
51.333333333333336 0.03925156105467638 0.02135622775011654 0.44474434337658053 0.30216757509450626 0.11973085132783333 0.11200100245096332 
52.833333333333336 0.039251561054676386 0.021356227750116537 0.4447443433765805 0.30216757509450626 0.11973085132783336 0.11200100245096332 
54.333333333333336 0.039251561054676386 0.021356227750116537 0.4447443433765805 0.30216757509450626 0.11973085132783336 0.11200100245096332 
55.833333333333336 0.03925156105467638 0.02135622775011654 0.44474434337658053 0.30216757509450626 0.11973085132783333 0.11200100245096332 
57.333333333333336 0.039251561054676386 0.021356227750116537 0.4447443433765805 0.30216757509450626 0.11973085132783336 0.11200100245096332 
58.833333333333336 0.039251561054676386 0.021356227750116537 0.4447443433765805 0.30216757509450626 0.11973085132783336 0.11200100245096332 
60.333333333333336 0.03925156105467638 0.02135622775011654 0.44474434337658053 0.30216757509450626 0.11973085132783333 0.11200100245096332 
61.833333333333336 0.039251561054676386 0.021356227750116537 0.4447443433765805 0.30216757509450626 0.11973085132783336 0.11200100245096332 
63.333333333333336 0.03925156105467638 0.02135622775011654 0.44474434337658053 0.30216757509450626 0.11973085132783333 0.11200100245096332 
64.83333333333333 0.039251561054676386 0.021356227750116537 0.4447443433765805 0.30216757509450626 0.11973085132783336 0.11200100245096332 
66.33333333333333 0.039251561054676386 0.021356227750116537 0.4447443433765805 0.30216757509450626 0.11973085132783336 0.11200100245096332 
67.83333333333333 0.039251561054676386 0.021356227750116537 0.4447443433765805 0.30216757509450626 0.11973085132783336 0.11200100245096332 
69.33333333333333 0.039251561054676386 0.021356227750116537 0.4447443433765805 0.30216757509450626 0.11973085132783336 0.11200100245096332 
70.83333333333333 0.039251561054676386 0.021356227750116537 0.4447443433765805 0.30216757509450626 0.11973085132783336 0.11200100245096332 
72.33333333333333 0.03925156105467638 0.02135622775011654 0.44474434337658053 0.30216757509450626 0.11973085132783333 0.11200100245096332 
73.83333333333333 0.039251561054676386 0.021356227750116537 0.4447443433765805 0.30216757509450626 0.11973085132783336 0.11200100245096332 
75.33333333333333 0.039251561054676386 0.021356227750116537 0.4447443433765805 0.30216757509450626 0.11973085132783336 0.11200100245096332 
76.83333333333333 0.039251561054676386 0.021356227750116537 0.4447443433765805 0.30216757509450626 0.11973085132783336 0.11200100245096332 
78.33333333333333 0.03925156105467639 0.021356227750116533 0.4447443433765805 0.3021675750945062 0.11973085132783336 0.11200100245096328 
79.83333333333333 0.039251561054676386 0.021356227750116537 0.4447443433765805 0.30216757509450626 0.11973085132783336 0.11200100245096332 
81.33333333333333 0.039251561054676386 0.021356227750116537 0.4447443433765805 0.30216757509450626 0.11973085132783336 0.11200100245096332 
82.83333333333333 0.039251561054676386 0.021356227750116537 0.4447443433765805 0.30216757509450626 0.11973085132783336 0.11200100245096332 
84.33333333333333 0.039251561054676386 0.021356227750116537 0.4447443433765805 0.30216757509450626 0.11973085132783336 0.11200100245096332 
85.83333333333333 0.03925156105467638 0.02135622775011654 0.44474434337658053 0.30216757509450626 0.11973085132783333 0.11200100245096332 
87.25 0.13507158012055753 0.017216001192851136 0.5483700472261064 0.25620258397607665 0.08547961113810565 0.09273175646686006 
88.83333333333333 0.039251561054676386 0.021356227750116537 0.4447443433765805 0.30216757509450626 0.11973085132783336 0.11200100245096332 
90.33333333333333 0.039251561054676386 0.021356227750116537 0.4447443433765805 0.30216757509450626 0.11973085132783336 0.11200100245096332 
91.83333333333333 0.039251561054676386 0.021356227750116537 0.4447443433765805 0.30216757509450626 0.11973085132783336 0.11200100245096332 
93.33333333333333 0.039251561054676386 0.021356227750116537 0.4447443433765805 0.30216757509450626 0.11973085132783336 0.11200100245096332 
94.83333333333333 0.039251561054676386 0.021356227750116537 0.4447443433765805 0.30216757509450626 0.11973085132783336 0.11200100245096332 
96.33333333333333 0.039251561054676386 0.021356227750116537 0.4447443433765805 0.30216757509450626 0.11973085132783336 0.11200100245096332 
97.83333333333333 0.039251561054676386 0.021356227750116537 0.4447443433765805 0.30216757509450626 0.11973085132783336 0.11200100245096332 
99.33333333333333 0.039251561054676386 0.021356227750116537 0.4447443433765805 0.30216757509450626 0.11973085132783336 0.11200100245096332 
