Time 1.1-W-Pu-Total 1.1-W-Pu9 1.1-M-Pu-Total 1.1-M-Pu9 1.2-W-Pu-Total 1.2-W-Pu8 1.2-W-Pu9 1.2-W-Pu10 1.2-W-Pu11 1.2-W-Pu12 1.2-M-Pu-Total 1.2-M-Pu8 1.2-M-Pu9 1.2-M-Pu10 1.2-M-Pu11 1.2-M-Pu12 1.3-W-Pu-Total 1.3-W-Pu8 1.3-W-Pu9 1.3-W-Pu10 1.3-W-Pu11 1.3-W-Pu12 1.3-M-Pu-Total 1.3-M-Pu8 1.3-M-Pu9 1.3-M-Pu10 1.3-M-Pu11 1.3-M-Pu12 
0.16666666666666666 0.2069888888888889 0.9999999999999999 0.2069888888888889 0.9999999999999999 0.206945750078338 0.0004671391752577319 0.9652276632302406 0.0331078178694158 0.0011597938144329895 3.758591065292096e-05 0.206945750078338 0.0004671391752577319 0.9652276632302406 0.0331078178694158 0.0011597938144329895 3.758591065292096e-05 0.3311106894124729 0.00046683514048889165 0.9652326770781422 0.03310777768466572 0.001155123906551413 3.758619015200462e-05 0.20694418088279556 0.0004668351404888916 0.965232677078142 0.03310777768466571 0.0011551239065514128 3.758619015200461e-05 
0.3333333333333333 0.20084313706875453 0.9999999999999999 0.20109092678999999 1.0 0.1988669163424761 0.000467139175257732 0.9652276632302405 0.0331078178694158 0.0011597938144329895 3.7585910652920964e-05 0.2010490171810308 0.000467139175257732 0.9652276632302405 0.0331078178694158 0.0011597938144329897 3.7585910652920964e-05 0.19997805824484294 0.00046622763788224273 0.965242649827251 0.03310769542796753 0.001145840359885633 3.7586747013729156e-05 0.2010459720527373 0.0004665312947224271 0.965237672586172 0.03310773687001185 0.0011504727801557718 3.7586468937995764e-05 
0.5 0.20084313706875453 0.9999999999999999 0.20109092678999999 1.0 0.1988669163424761 0.000467139175257732 0.9652276632302405 0.0331078178694158 0.0011597938144329895 3.7585910652920964e-05 0.2010490171810308 0.000467139175257732 0.9652276632302405 0.0331078178694158 0.0011597938144329897 3.7585910652920964e-05 0.2010792789604862 0.0004656208906754703 0.9652525497987848 0.03310761067171034 0.0011366313377838215 3.758730104570516e-05 0.20104445552904682 0.0004662276378822427 0.9652426498272507 0.033107695427967515 0.0011458403598856328 3.758674701372915e-05 
0.6666666666666666 0.20084313706875453 0.9999999999999999 0.20109092678999999 1.0 0.1988669163424761 0.000467139175257732 0.9652276632302405 0.0331078178694158 0.0011597938144329895 3.7585910652920964e-05 0.2010490171810308 0.000467139175257732 0.9652276632302405 0.0331078178694158 0.0011597938144329897 3.7585910652920964e-05 0.2021692093809361 0.00046501489825638684 0.9652623775703123 0.03310752343580026 0.00112749624336067 3.758785227038539e-05 0.2010429425118835 0.0004659241698920701 0.9652476088740086 0.033107653361035945 0.0011412265706815387 3.758702438202823e-05 
2.1666666666666665 0.20084313706875453 0.9999999999999999 0.20109092678999999 1.0 0.1988669163424761 0.000467139175257732 0.9652276632302405 0.0331078178694158 0.0011597938144329895 3.7585910652920964e-05 0.2010490171810308 0.000467139175257732 0.9652276632302405 0.0331078178694158 0.0011597938144329897 3.7585910652920964e-05 0.21149229612151632 0.0004595948296133727 0.9653476715655398 0.03310662993516798 0.0010485109790972866 3.759269058159558e-05 0.20104143358610438 0.0004656208906754702 0.9652525497987846 0.033107610671710336 0.0011366313377838215 3.7587301045705154e-05 
3.6666666666666665 0.20084313706875453 0.9999999999999999 0.20109092678999999 1.0 0.1988669163424761 0.000467139175257732 0.9652276632302405 0.0331078178694158 0.0011597938144329895 3.7585910652920964e-05 0.2010490171810308 0.000467139175257732 0.9652276632302405 0.0331078178694158 0.0011597938144329897 3.7585910652920964e-05 0.22000293621520117 0.00045423539009016096 0.9654275628947798 0.03310555093696607 0.0009750534593417254 3.759731882229052e-05 0.20101490397546945 0.0004601940569248286 0.9653384683501521 0.033106738617954254 0.001057006811327525 3.7592163641214296e-05 
5.166666666666667 0.20084313706875453 0.9999999999999999 0.20109092678999999 1.0 0.1988669163424761 0.000467139175257732 0.9652276632302405 0.0331078178694158 0.0011597938144329895 3.7585910652920964e-05 0.2010490171810308 0.000467139175257732 0.9652276632302405 0.0331078178694158 0.0011597938144329897 3.7585910652920964e-05 0.2277820018502319 0.00044893610678126486 0.9655024252600615 0.03310429931853291 0.000906737563103464 3.760175152094415e-05 0.2009895135954796 0.0004548279039198185 0.9654189410282855 0.03310567957766352 0.0009829546756444944 3.759681448646993e-05 
6.666666666666667 0.20084313706875453 0.9999999999999999 0.20109092678999999 1.0 0.1988669163424761 0.000467139175257732 0.9652276632302405 0.0331078178694158 0.0011597938144329895 3.7585910652920964e-05 0.2010490171810308 0.000467139175257732 0.9652276632302405 0.0331078178694158 0.0011597938144329897 3.7585910652920964e-05 0.2349007386063151 0.0004436964931660225 0.9655726064020772 0.03310288706124372 0.0008432040413160357 3.7606002197265446e-05 0.20096518271270883 0.0004495219603789852 0.9654943445360776 0.033104446531747406 0.0009140857035695108 3.7601268226546186e-05 
8.166666666666666 0.20084313706875453 0.9999999999999999 0.20109092678999999 1.0 0.1988669163424761 0.000467139175257732 0.9652276632302405 0.0331078178694158 0.0011597938144329895 3.7585910652920964e-05 0.2010490171810308 0.000467139175257732 0.9652276632302405 0.0331078178694158 0.0011597938144329897 3.7585910652920964e-05 0.2414221409473974 0.0004385160508040823 0.965638429893178 0.03310132531248799 0.0007841186600979351 3.761008343182905e-05 0.20094183834048177 0.0004442757412080243 0.9655650294079555 0.03310305155799179 0.0008500377543548673 3.760553848970863e-05 
9.666666666666666 0.20084313706875453 0.9999999999999999 0.20109092678999999 1.0 0.1988669163424761 0.000467139175257732 0.9652276632302405 0.0331078178694158 0.0011597938144329895 3.7585910652920964e-05 0.2010490171810308 0.000467139175257732 0.9652276632302405 0.0331078178694158 0.0011597938144329897 3.7585910652920964e-05 0.24740209742612881 0.00043339427088886 0.9657001968082697 0.03309962444341925 0.0007291704704913464 3.761400693096691e-05 0.2009194114450368 0.00043908874921178335 0.965631321816968 0.033101505893524626 0.0007904739023381081 3.7609637957591795e-05 
11.166666666666666 0.20081437581260905 0.9999999999999999 0.20109092678999999 1.0 0.19864817695228001 0.00046713917525773203 0.9652276632302407 0.03310781786941581 0.00115979381443299 3.7585910652920964e-05 0.2010490171810308 0.000467139175257732 0.9652276632302405 0.0331078178694158 0.0011597938144329897 3.7585910652920964e-05 0.23689351636435993 0.00042833063567019475 0.9657581872816753 0.03309779410275698 0.0006780701963103541 3.76177835872339e-05 0.20089783898842134 0.00043396047666292674 0.9656935252588347 0.033099819993021064 0.0007350806930506812 3.761357843060134e-05 
12.666666666666666 0.20084280822265002 1.0 0.20109092678999999 1.0 0.19885653234574532 0.00046713917525773203 0.9652276632302406 0.03310781786941581 0.0011597938144329897 3.758591065292097e-05 0.2010490171810308 0.000467139175257732 0.9652276632302405 0.0331078178694158 0.0011597938144329897 3.7585910652920964e-05 0.256159742681512 0.0004233246197565859 0.965812661957554 0.03309584326690385 0.0006305487322499851 3.762142353574177e-05 0.20087706118792528 0.0004288904067385997 0.965751922121102 0.03309800358293094 0.0006835665183397359 3.7617370888856806e-05 
14.166666666666666 0.2008143720341039 1.0 0.20109092678999999 1.0 0.198647679468952 0.00046713917525773203 0.9652276632302406 0.03310781786941581 0.00115979381443299 3.7585910652920964e-05 0.2010490171810308 0.000467139175257732 0.9652276632302405 0.0331078178694158 0.0011597938144329897 3.7585910652920964e-05 0.24315177956840991 0.0004183756913065841 0.9658638633409629 0.033093780286624186 0.0005863557448996286 3.7624936206636396e-05 0.20085702360740393 0.0004238780148355571 0.9658067751450246 0.03309606571199283 0.0006356601025980037 3.762102554897055e-05 
15.666666666666666 0.2008140460962404 0.9999999999999999 0.20109092678999999 1.0 0.19863771819579218 0.00046713917525773203 0.9652276632302406 0.03310781786941581 0.0011597938144329897 3.7585910652920964e-05 0.2010490171810308 0.000467139175257732 0.9652276632302405 0.0331078178694158 0.0011597938144329897 3.7585910652920964e-05 0.2428441567702789 0.00041348331311817464 0.9659120170562234 0.03309161293051445 0.0005452583697698307 3.76283303739766e-05 0.2008376744627536 0.0004189227697734207 0.9658583287873348 0.033094014798282986 0.0005911090926919861 3.762455191694063e-05 
17.166666666666668 0.20084280446216254 1.0 0.20109092678999999 1.0 0.19885603818050443 0.000467139175257732 0.9652276632302406 0.0331078178694158 0.0011597938144329897 3.7585910652920964e-05 0.2010490171810308 0.000467139175257732 0.9652276632302405 0.0331078178694158 0.0011597938144329897 3.7585910652920964e-05 0.26801496665191366 0.00040864694362430844 0.9659573330188117 0.03308934842548166 0.0005070399978810392 3.763161420125599e-05 0.20081896675509042 0.00041402413489498275 0.9659068104885893 0.0330918586730313 0.0005496787446470018 3.762795883741693e-05 
18.666666666666668 0.2008143719908964 0.9999999999999999 0.20109092678999999 1.0 0.19864765579939503 0.000467139175257732 0.9652276632302406 0.03310781786941581 0.0011597938144329897 3.7585910652920964e-05 0.2010490171810308 0.000467139175257732 0.9652276632302405 0.0331078178694158 0.0011597938144329897 3.7585910652920964e-05 0.24955029252694616 0.0004038660378020978 0.9660000065266052 0.03308699349443153 0.00047149914587744213 3.763479528379385e-05 0.2008008556160795 0.0004091815690717823 0.9659524318543765 0.033089604621422034 0.0005111507005900961 3.763125453958493e-05 
20.166666666666668 0.2008140460957463 1.0 0.20109092678999999 1.0 0.19863771707168204 0.00046713917525773187 0.9652276632302403 0.0331078178694158 0.0011597938144329895 3.758591065292096e-05 0.2010490171810308 0.000467139175257732 0.9652276632302405 0.0331078178694158 0.0011597938144329897 3.7585910652920964e-05 0.24889821042591306 0.00039914004800261244 0.9660402192759341 0.033084554391355554 0.0004384484040196316 3.763788068820686e-05 0.20078330047726137 0.0004043945276225412 0.9659953897552462 0.03308725942058231 0.00047532184986907915 3.763444667989353e-05 
21.666666666666668 0.20081404236947098 1.0 0.20109092678999999 1.0 0.19863724515990244 0.000467139175257732 0.9652276632302405 0.03310781786941581 0.0011597938144329897 3.7585910652920964e-05 0.2010490171810308 0.000467139175257732 0.9652276632302405 0.0331078178694158 0.0011597938144329897 3.7585910652920964e-05 0.2506439830161877 0.0003944684247076645 0.9660781403075324 0.03308203693399338 0.0004077134567773932 3.764087698915893e-05 0.2007662624498698 0.0003996624631514566 0.9660358673508581 0.03308482937494943 0.0004420032686591944 3.763754238184123e-05 
23.166666666666668 0.20084280441965904 1.0 0.20109092678999999 1.0 0.19885601583508758 0.000467139175257732 0.9652276632302406 0.03310781786941581 0.0011597938144329897 3.758591065292096e-05 0.2010490171810308 0.000467139175257732 0.9652276632302405 0.0331078178694158 0.0011597938144329897 3.7585910652920964e-05 0.27998397402730635 0.000389850617219471 0.9661139268871518 0.03307944653423541 0.0003791321710895396 3.764379030357416e-05 0.20074970652537677 0.0003949848263127995 0.9660740350434811 0.033082320349194075 0.00041101923273897327 3.764054827301891e-05 
24.666666666666668 0.20081437199040805 0.9999999999999999 0.20109092678999999 1.0 0.19864765472910412 0.000467139175257732 0.9652276632302405 0.0331078178694158 0.0011597938144329895 3.7585910652920964e-05 0.2010490171810308 0.000467139175257732 0.9652276632302405 0.0331078178694158 0.0011597938144329897 3.7585910652920964e-05 0.2557387777183892 0.000385286074288622 0.9661477253252866 0.03307678822642008 0.0003525537476823646 3.764662632248553e-05 0.2007335989851621 0.0003903610665077585 0.9661100513656414 0.03307973779886643 0.00038220629846484665 3.764347051959611e-05 
26.166666666666668 0.20081404609574066 0.9999999999999999 0.20109092678999999 1.0 0.19863771702085198 0.000467139175257732 0.9652276632302406 0.03310781786941581 0.0011597938144329897 3.758591065292096e-05 0.2010490171810308 0.000467139175257732 0.9652276632302405 0.0331078178694158 0.0011597938144329897 3.7585910652920964e-05 0.2545052448155754 0.00038077424468534947 0.9661796717401615 0.03307406669366928 0.00032783793114305647 3.764939034068045e-05 0.2007179096280163 0.0003857906325190086 0.9661440638064016 0.03307708679891991 0.00035541244730101826 3.7646314858424027e-05 
27.666666666666668 0.20081404236947076 1.0 0.20109092678999999 1.0 0.19863724515748943 0.00046713917525773203 0.9652276632302406 0.03310781786941581 0.0011597938144329897 3.7585910652920964e-05 0.2010490171810308 0.000467139175257732 0.9652276632302405 0.0331078178694158 0.0011597938144329897 3.7585910652920964e-05 0.2565480797544507 0.0003763145777187043 0.9662098927678701 0.033071286292396765 0.00030485427473026677 3.7652087284294e-05 0.20070260920565208 0.00038127297308804655 0.9661762095804591 0.03307437207025793 0.0003304962895680317 3.7649086626918575e-05 
29.166666666666668 0.20081404232686598 1.0 0.20109092678999999 1.0 0.19863722275720222 0.00046713917525773203 0.9652276632302406 0.03310781786941581 0.0011597938144329897 3.7585910652920964e-05 0.2010490171810308 0.000467139175257732 0.9652276632302405 0.0331078178694158 0.0011597938144329897 3.7585910652920964e-05 0.2589650578618444 0.00037190652370787326 0.9662385062232693 0.03306845107511426 0.0002834814561719823 3.765472173648981e-05 0.20068767167348128 0.00037680753743993896 0.9662066163439691 0.03307159800443874 0.0003073263233613595 3.765179079087409e-05 
30.666666666666668 0.20084280441917313 0.9999999999999999 0.20109092678999999 1.0 0.19885601477683268 0.0004671391752577321 0.9652276632302406 0.03310781786941581 0.0011597938144329897 3.758591065292097e-05 0.2010490171810308 0.000467139175257732 0.9652276632302405 0.0331078178694158 0.0011597938144329897 3.7585910652920964e-05 0.2904770427890585 0.00036754953440954586 0.9662656217150242 0.03306556481165311 0.00026360664095187214 3.765729796136026e-05 0.2006730716485018 0.00037239377575975895 0.9662354028607436 0.03306876868666507 0.0002857802448612525 3.765443197035048e-05 
32.166666666666664 0.20081437199040245 1.0 0.20109092678999999 1.0 0.19864765467841636 0.000467139175257732 0.9652276632302406 0.03310781786941581 0.0011597938144329897 3.7585910652920964e-05 0.2010490171810308 0.000467139175257732 0.9652276632302405 0.0331078178694158 0.0011597938144329897 3.7585910652920964e-05 0.2614521729867068 0.00036324306340491496 0.9662913412179391 0.03306263100890946 0.0002451248898202992 3.7659819926167834e-05 0.20065878668016335 0.0003680311396246534 0.9662626796222278 0.03306588791717593 0.00026574430650792846 3.7657014463764735e-05 
33.666666666666664 0.20081404609574077 1.0 0.20109092678999999 1.0 0.1986377170184448 0.00046713917525773203 0.9652276632302407 0.03310781786941581 0.0011597938144329897 3.7585910652920964e-05 0.2010490171810308 0.000467139175257732 0.9652276632302405 0.0331078178694158 0.0011597938144329897 3.7585910652920964e-05 0.2596345197791135 0.0003589865664496249 0.9663157596055264 0.0330596529292158 0.0002279386074861236 3.766229132204213e-05 0.20064479472763241 0.0003637190823951612 0.9662885494244307 0.03306295923115103 0.0002471127197529454 3.7659542270311174e-05 
35.166666666666664 0.2008140423694711 0.9999999999999999 0.20109092678999999 1.0 0.198637245157375 0.00046713917525773203 0.9652276632302406 0.03310781786941581 0.0011597938144329897 3.7585910652920964e-05 0.2010490171810308 0.000467139175257732 0.9652276632302405 0.0331078178694158 0.0011597938144329897 3.7585910652920964e-05 0.26192645870668985 0.0003547795017897022 0.9663389651455432 0.03305663360743285 0.00021195702965113282 3.766471558323843e-05 0.20063107644799444 0.0003594570595691218 0.9663131079047711 0.03305998591722991 0.0002297870993191598 3.766201911082425e-05 
36.666666666666664 0.20081404232686598 1.0 0.20109092678999999 1.0 0.1986372227571967 0.00046713917525773203 0.9652276632302406 0.03310781786941581 0.0011597938144329897 3.7585910652920964e-05 0.2010490171810308 0.000467139175257732 0.9652276632302405 0.0331078178694158 0.0011597938144329897 3.7585910652920964e-05 0.2646599371326455 0.00035062133044627295 0.9663610399610567 0.03305357586685071 0.00019709574574126924 3.766709590505737e-05 0.20061761269030473 0.0003552445291012447 0.966336444041601 0.033056971034741645 0.0002136759461089307 3.766444844719231e-05 
38.166666666666664 0.20081404232637862 1.0 0.20109092678999999 1.0 0.19863722169382667 0.00046713917525773203 0.9652276632302407 0.03310781786941581 0.0011597938144329897 3.7585910652920964e-05 0.2010490171810308 0.000467139175257732 0.9652276632302405 0.0331078178694158 0.0011597938144329897 3.7585910652920964e-05 0.2674408340146476 0.00034651151647163925 0.9663820604594179 0.03305048233398142 0.00018327625486856493 3.7669435260517984e-05 0.20060438679874595 0.0003510809516911635 0.9663586406189804 0.0330539174297341 0.00019869416609400014 3.7666833500421075e-05 
39.666666666666664 0.20084280441916763 1.0 0.20109092678999999 1.0 0.1988560147266011 0.0004671391752577321 0.9652276632302407 0.033107817869415815 0.00115979381443299 3.758591065292097e-05 0.2010490171810308 0.000467139175257732 0.9652276632302405 0.0331078178694158 0.0011597938144329897 3.7585910652920964e-05 0.2987512244627598 0.00034244952717908434 0.9664020977313597 0.03304735545231979 0.00017042555272562016 3.767173641587027e-05 0.2005913821212251 0.00034696579104257343 0.9663797746591027 0.033050827749885776 0.00018476262270159088 3.766917726744104e-05 
41.166666666666664 0.20081437199040228 1.0 0.20109092678999999 1.0 0.1986476546760104 0.0004671391752577321 0.9652276632302407 0.033107817869415815 0.00115979381443299 3.758591065292097e-05 0.2010490171810308 0.000467139175257732 0.9652276632302405 0.0331078178694158 0.0011597938144329897 3.7585910652920964e-05 0.2665046789371507 0.000338434833348585 0.9664212179222912 0.033044197495144007 0.00015847574727127794 3.767400194502756e-05 0.2005785843254287 0.00034289851409584495 0.9663999178246093 0.03304770445837761 0.0001718077203804553 3.7671482536744664e-05 
42.666666666666664 0.20081404609574077 1.0 0.20109092678999999 1.0 0.19863771701833055 0.00046713917525773214 0.9652276632302408 0.033107817869415815 0.00115979381443299 3.758591065292098e-05 0.2010490171810308 0.000467139175257732 0.9652276632302405 0.0331078178694158 0.0011597938144329897 3.7585910652920964e-05 0.2642599239168695 0.00033446690941043466 0.9664394825777114 0.033041010577422536 0.00014736370121255985 3.767623424299342e-05 0.20056597892002792 0.0003388785912363112 0.966419136792875 0.03304454984679695 0.0001597610171886363 3.7673751902935215e-05 
44.166666666666664 0.20081404236947076 1.0 0.20109092678999999 1.0 0.1986372451573696 0.0004671391752577319 0.9652276632302403 0.0331078178694158 0.0011597938144329895 3.7585910652920964e-05 0.2010490171810308 0.000467139175257732 0.9652276632302405 0.0331078178694158 0.0011597938144329897 3.7585910652920964e-05 0.2667714930966141 0.0003305452336086212 0.9664569489645387 0.03303779666688972 0.00013703069942457583 3.767843553835302e-05 0.20055355358185226 0.00033490549648025234 0.9664374936042065 0.033041366047140634 0.00014855886439222533 3.767598778026174e-05 
45.666666666666664 0.20081404232686598 1.0 0.20109092678999999 1.0 0.19863722275719645 0.000467139175257732 0.9652276632302405 0.0331078178694158 0.0011597938144329897 3.7585910652920964e-05 0.2010490171810308 0.000467139175257732 0.9652276632302405 0.0331078178694158 0.0011597938144329897 3.7585910652920964e-05 0.2697939593857116 0.00032666928814564984 0.9664736703700246 0.03303455759434732 0.00012742213957762065 3.768060790489336e-05 0.2005412956880282 0.00033097870764043464 0.9664550459857624 0.03303815504297993 0.0001381420712021132 3.7678192415211125e-05 
47.166666666666664 0.2008140423263789 1.0 0.20109092678999999 1.0 0.19863722169382678 0.000467139175257732 0.9652276632302406 0.03310781786941581 0.0011597938144329897 3.7585910652920964e-05 0.2010490171810308 0.000467139175257732 0.9652276632302405 0.0331078178694158 0.0011597938144329897 3.7585910652920964e-05 0.272831524101543 0.0003228385593103735 0.9664896963798113 0.03303129506324633 0.0001184872443596171 3.7682753272413415e-05 0.2005291946527334 0.00032709770647291764 0.9664718476528793 0.03303491867984542 0.00012845559290421152 3.768036789822198e-05 
48.666666666666664 0.20081404232637345 1.0 0.20109092678999999 1.0 0.198637221643347 0.00046713917525773203 0.9652276632302406 0.03310781786941581 0.0011597938144329897 3.7585910652920964e-05 0.2010490171810308 0.000467139175257732 0.9652276632302405 0.0331078178694158 0.0011597938144329897 3.7585910652920964e-05 0.27586529290496914 0.00031905253759025905 0.9665050731365809 0.033028010658598894 0.0001101787937929886 3.7684873436779866e-05 0.20051723946882002 0.0003232619788066986 0.9664879485893739 0.03303165867488629 0.00011944824075849508 3.768251617458206e-05 
50.166666666666664 0.20084280441916758 1.0 0.20109092678999999 1.0 0.19885601472421668 0.000467139175257732 0.9652276632302406 0.03310781786941581 0.0011597938144329897 3.7585910652920964e-05 0.2010490171810308 0.000467139175257732 0.9652276632302405 0.0331078178694158 0.0011597938144329897 3.7585910652920964e-05 0.3047268808776504 0.00031531071776940605 0.9665198435806459 0.03302470585526701 0.00010245287624848085 3.768697006928134e-05 0.20050542105281974 0.00031947101465764174 0.9665033953082796 0.033028376625854186 0.00011107241215400023 3.7684639054565065e-05 
51.666666666666664 0.20081437199040247 0.9999999999999999 0.20109092678999999 1.0 0.19864765467589618 0.000467139175257732 0.9652276632302406 0.03310781786941581 0.0011597938144329895 3.758591065292096e-05 0.2010490171810308 0.000467139175257732 0.9652276632302405 0.0331078178694158 0.0011597938144329897 3.7585910652920964e-05 0.2708341898143103 0.0003116125990135288 0.9665340476737349 0.033021382025671495 9.526865685487564e-05 3.768904472532951e-05 0.2004937297948004 0.00031572430832801777 0.966518231094379 0.03302507401945912 0.00010328383961116374 3.768673822286042e-05 
53.166666666666664 0.20081404609574077 1.0 0.20109092678999999 1.0 0.19863771701832514 0.0004671391752577321 0.9652276632302407 0.03310781786941581 0.00115979381443299 3.7585910652920964e-05 0.2010490171810308 0.000467139175257732 0.9652276632302405 0.0331078178694158 0.0011597938144329897 3.7585910652920964e-05 0.26838071097669014 0.00030795768494301217 0.9665477226071496 0.03301804044696159 8.858816209341708e-05 3.7691098852552936e-05 0.20048215791047153 0.00031202135849287823 0.9665324962297991 0.033021752239140646 9.604135732005962e-05 3.7688815247344556e-05 
54.666666666666664 0.2008140423694711 0.9999999999999999 0.20109092678999999 1.0 0.19863724515736939 0.0004671391752577319 0.9652276632302405 0.0331078178694158 0.0011597938144329895 3.758591065292096e-05 0.2010490171810308 0.000467139175257732 0.9652276632302405 0.0331078178694158 0.0011597938144329897 3.7585910652920964e-05 0.27108681600743967 0.0003043454836950636 0.9665609029953741 0.033014682307682876 8.23760794495263e-05 3.769313379832546e-05 0.2004706969981916 0.00030836166827438434 0.9665462282038491 0.03301841257229561 8.930668399368118e-05 3.769087158724022e-05 
56.166666666666664 0.20081404232686584 1.0 0.20109092678999999 1.0 0.19863722275719653 0.000467139175257732 0.9652276632302405 0.0331078178694158 0.0011597938144329897 3.7585910652920964e-05 0.2010490171810308 0.000467139175257732 0.9652276632302405 0.0331078178694158 0.0011597938144329897 3.7585910652920964e-05 0.27436181654421354 0.00030077550797589966 0.9665736210561564 0.033011308713978456 7.659957107242442e-05 3.769515081676894e-05 0.20045934039718022 0.00030474474530512276 0.9665594619081943 0.03301505621699995 8.304422089982413e-05 3.7692908600705536e-05 
57.666666666666664 0.200814042326379 1.0 0.20109092678999999 1.0 0.19863722169382667 0.00046713917525773203 0.9652276632302407 0.03310781786941581 0.0011597938144329897 3.7585910652920964e-05 0.2010490171810308 0.000467139175257732 0.9652276632302405 0.0331078178694158 0.0011597938144329897 3.7585910652920964e-05 0.2776409574791872 0.00029724727510382866 0.9665859067779989 0.03300792069535601 7.12281004659897e-05 3.769715107526657e-05 0.20044808075074047 0.0003011701017813552 0.9665722298183929 0.03301168428826016 7.722086401379234e-05 3.7694927551893415e-05 
59.166666666666664 0.2008140423263733 1.0 0.20109092678999999 1.0 0.198637221643347 0.00046713917525773203 0.9652276632302406 0.03310781786941581 0.0011597938144329897 3.7585910652920964e-05 0.2010490171810308 0.000467139175257732 0.9652276632302405 0.0331078178694158 0.0011597938144329897 3.7585910652920964e-05 0.2808718459608049 0.0002937603070440228 0.9665977880759425 0.033004519210051014 6.623327130190374e-05 3.769913566052124e-05 0.2004369123697181 0.00029763725450707287 0.9665845621627411 0.03300829782382692 7.180582930742305e-05 3.769692961751741e-05 
60.666666666666664 0.20081404232637332 1.0 0.20109092678999999 1.0 0.19863722164095063 0.000467139175257732 0.9652276632302406 0.03310781786941581 0.0011597938144329897 3.7585910652920964e-05 0.2010490171810308 0.000467139175257732 0.9652276632302405 0.0331078178694158 0.0011597938144329897 3.7585910652920964e-05 0.2825201247106803 0.0002903141304357077 0.9666092909364563 0.033001105150014504 6.15886775092213e-05 3.770110558419044e-05 0.20042582880112933 0.0002941457249296542 0.9665964870793171 0.03300489778960199 6.677049025819916e-05 3.7698915892959216e-05 
62.166666666666664 0.20084280441916758 1.0 0.20109092678999999 1.0 0.19885601472410344 0.0004671391752577319 0.9652276632302405 0.0331078178694158 0.0011597938144329897 3.758591065292096e-05 0.2010490171810308 0.000467139175257732 0.9652276632302405 0.0331078178694158 0.0011597938144329897 3.7585910652920964e-05 0.26931158130414695 0.000286908276612436 0.9666204395521948 0.03299767934555132 5.726976385324567e-05 3.7703061788127316e-05 0.20041482519612483 0.00029069503916786366 0.9666080307620424 0.03300148508466605 6.208822672579075e-05 3.770088739794886e-05 
63.666666666666664 0.20081437199040228 1.0 0.20109092678999999 1.0 0.1986476546758907 0.000467139175257732 0.9652276632302407 0.03310781786941581 0.0011597938144329897 3.7585910652920964e-05 0.2010490171810308 0.000467139175257732 0.9652276632302405 0.0331078178694158 0.0011597938144329897 3.7585910652920964e-05 0.3074655648899867 0.00028354228161606095 0.9666312564473297 0.03299424256963355 5.325369627129522e-05 3.7705005149255336e-05 0.20040389588332252 0.0002872847280328616 0.9666192175965278 0.032998060545954805 5.7734284402588495e-05 3.7702845081848405e-05 
65.16666666666667 0.20081404609574077 1.0 0.20109092678999999 1.0 0.1986377170183248 0.0004671391752577321 0.9652276632302407 0.03310781786941581 0.00115979381443299 3.7585910652920964e-05 0.2010490171810308 0.000467139175257732 0.9652276632302405 0.0331078178694158 0.0011597938144329897 3.7585910652920964e-05 0.27681456531544185 0.0002802156862049722 0.9666417625941153 0.032990795541911776 4.951924128388115e-05 3.7706936484102174e-05 0.20039303674063474 0.00028391432704284974 0.9666300702864216 0.032994624952607195 5.368564409992417e-05 3.7704789828565733e-05 
66.66666666666667 0.20081404236947098 1.0 0.20109092678999999 1.0 0.19863724515736939 0.0004671391752577319 0.9652276632302405 0.0331078178694158 0.0011597938144329895 3.758591065292096e-05 0.2010490171810308 0.000467139175257732 0.9652276632302405 0.0331078178694158 0.0011597938144329897 3.7585910652920964e-05 0.2747966790798337 0.0002769280358571116 0.9666519775212974 0.03298733893244524 4.604665384723662e-05 3.770885655301649e-05 0.20038224277270109 0.0002805833764319178 0.9666406099709146 0.032991179030009296 4.9920900183019824e-05 3.770672246112535e-05 
68.16666666666667 0.20081404232686584 1.0 0.20109092678999999 1.0 0.19863722275719653 0.000467139175257732 0.9652276632302405 0.0331078178694158 0.0011597938144329897 3.7585910652920964e-05 0.2010490171810308 0.000467139175257732 0.9652276632302405 0.0331078178694158 0.0011597938144329897 3.7585910652920964e-05 0.2774764318185634 0.000273678880768246 0.9666619194149397 0.03298387336517062 4.281757305728205e-05 3.7710766064090015e-05 0.20037151048602278 0.00027729142115361587 0.9666508563340304 0.03298772345355449 4.6420147515500127e-05 3.7708643745919146e-05 
69.66666666666667 0.200814042326379 1.0 0.20109092678999999 1.0 0.19863722169382678 0.000467139175257732 0.9652276632302406 0.03310781786941581 0.0011597938144329897 3.7585910652920964e-05 0.2010490171810308 0.000467139175257732 0.9652276632302405 0.0331078178694158 0.0011597938144329897 3.7585910652920964e-05 0.28069721126453745 0.00027046777584592915 0.9666716052121932 0.03298039942112778 3.981492515620376e-05 3.771266567680515e-05 0.20036083546997285 0.00027403801087973043 0.9666608277062642 0.032984258852140694 4.3164876318805256e-05 3.7710554396660215e-05 
71.16666666666667 0.2008140423263733 1.0 0.20109092678999999 1.0 0.19863722164334688 0.000467139175257732 0.9652276632302406 0.03310781786941581 0.00115979381443299 3.7585910652920964e-05 0.2010490171810308 0.000467139175257732 0.9652276632302405 0.0331078178694158 0.0011597938144329897 3.7585910652920964e-05 0.28392354810971226 0.0002672942806995581 0.9666810506885046 0.03297691764145939 3.7022833331070685e-05 3.7714556005427576e-05 0.20035021477475815 0.0002708226999947066 0.9666705411591123 0.03298078581142189 4.0137874393256895e-05 3.771245507805991e-05 
72.66666666666667 0.20081404232637332 1.0 0.20109092678999999 1.0 0.19863722164095063 0.000467139175257732 0.9652276632302406 0.03310781786941581 0.0011597938144329897 3.7585910652920964e-05 0.2010490171810308 0.000467139175257732 0.9652276632302405 0.0331078178694158 0.0011597938144329897 3.7585910652920964e-05 0.2870885306412294 0.00026415795962688696 0.9666902705387211 0.0329734285302003 3.442653382951178e-05 3.7716437622161466e-05 0.2003396444955541 0.00026764504758611826 0.9666800125929862 0.03297730487683234 3.732313618608945e-05 3.771434640924801e-05 
74.16666666666667 0.20081404232637332 1.0 0.20109092678999999 1.0 0.19863722164083686 0.00046713917525773203 0.9652276632302406 0.03310781786941581 0.0011597938144329897 3.7585910652920964e-05 0.2010490171810308 0.000467139175257732 0.9652276632302405 0.0331078178694158 0.0011597938144329897 3.7585910652920964e-05 0.28803438246035906 0.0002610583815973391 0.9666992784525207 0.032969932556871515 3.201229795060669e-05 3.7718311060084165e-05 0.20032912215287893 0.00026450461743155975 0.9666892568189756 0.03297381655639844 3.470577822763654e-05 3.771622896695338e-05 
75.66666666666667 0.20084280441916758 1.0 0.20109092678999999 1.0 0.198856014724098 0.000467139175257732 0.9652276632302405 0.0331078178694158 0.0011597938144329897 3.7585910652920964e-05 0.2010490171810308 0.000467139175257732 0.9652276632302405 0.0331078178694158 0.0011597938144329897 3.7585910652920964e-05 0.27536757957882313 0.00025799512023242266 0.9667080871845596 0.032966430158892106 2.976735949997187e-05 3.772017681587535e-05 0.20031864427946297 0.0002614009779822963 0.9666982876348852 0.03297032132335372 3.227196049026239e-05 3.771810328846239e-05 
77.16666666666667 0.20081437199040228 1.0 0.20109092678999999 1.0 0.19864765467589046 0.00046713917525773203 0.9652276632302407 0.03310781786941581 0.0011597938144329897 3.7585910652920964e-05 0.2010490171810308 0.000467139175257732 0.9652276632302405 0.0331078178694158 0.0011597938144329897 3.7585910652920964e-05 0.27545117916813605 0.00025496775378353834 0.9667167086197149 0.03296292174382235 2.7679847326714578e-05 3.7722035352355445e-05 0.2003082088026759 0.00025833370234398855 0.9667071178959555 0.032966819618570384 3.0008813255702393e-05 3.771996987437012e-05 
78.66666666666667 0.20081404609574077 1.0 0.20109092678999999 1.0 0.1986377170183248 0.0004671391752577321 0.9652276632302407 0.03310781786941581 0.00115979381443299 3.7585910652920964e-05 0.2010490171810308 0.000467139175257732 0.9652276632302405 0.0331078178694158 0.0011597938144329897 3.7585910652920964e-05 0.2766823526404852 0.00025197586510743435 0.9667251538337558 0.032959407691449415 2.5738722586621692e-05 3.7723887100846405e-05 0.20029781263379187 0.00025530236825477585 0.966715759580628 0.03296331185282064 2.7904369105399107e-05 3.772182919113952e-05 
79.83333333333333 0.20081404236947098 1.0 0.20109092678999999 1.0 0.19863724515736939 0.0004671391752577319 0.9652276632302405 0.0331078178694158 0.0011597938144329895 3.758591065292096e-05 0.2010490171810308 0.000467139175257732 0.9652276632302405 0.0331078178694158 0.0011597938144329897 3.7585910652920964e-05 0.3096895158337493 0.00024967310416072356 0.9667316071353074 0.03295667086966061 2.432356795610771e-05 3.7725322915079376e-05 0.2002874540521608 0.0002523065580609807 0.9667242238517111 0.03295979840887907 2.594749967532803e-05 3.772368167348089e-05 
80.0 0.2008140423268661 1.0 0.20109092678999999 1.0 0.19863722275719645 0.000467139175257732 0.9652276632302405 0.0331078178694158 0.0011597938144329897 3.7585910652920964e-05 0.2010490171810308 0.000467139175257732 0.9652276632302405 0.0331078178694158 0.0011597938144329897 3.7585910652920964e-05 0.2792945962631115 0.0002493458586906764 0.9667325211132626 0.032956279643478276 2.4127856841848468e-05 3.7725527726565676e-05 0.2002782756761715 0.0002496731041607241 0.9667316071353075 0.0329566708696606 2.4323567956107777e-05 3.772532291507943e-05 
80.16666666666667 0.200814042326379 1.0 0.20109092678999999 1.0 0.1986372216938267 0.000467139175257732 0.9652276632302406 0.03310781786941581 0.0011597938144329897 3.7585910652920964e-05 0.2010490171810308 0.000467139175257732 0.9652276632302405 0.0331078178694158 0.0011597938144329897 3.7585910652920964e-05 0.27546171271632364 0.00024901904163955103 0.9667334331497696 0.03295588835572683 2.3933720400790138e-05 3.772573246336725e-05 0.2002777029319914 0.00024950942783850066 0.9667320643677694 0.032956475264293086 2.4225514769013642e-05 3.772542533018943e-05 
81.66666666666667 0.20081404232637345 1.0 0.20109092678999999 1.0 0.198637221643347 0.00046713917525773203 0.9652276632302406 0.03310781786941581 0.0011597938144329897 3.7585910652920964e-05 0.2010490171810308 0.000467139175257732 0.9652276632302405 0.0331078178694158 0.0011597938144329897 3.7585910652920964e-05 0.27885780810914684 0.0002460968753654723 0.9667415561906397 0.032952364066578164 2.225529560201605e-05 3.7727571814676175e-05 0.20027712999116987 0.00024934585869067693 0.9667325211132627 0.03295627964347826 2.4127856841848532e-05 3.7725527726565737e-05 
83.16666666666667 0.20081404232637332 1.0 0.20109092678999999 1.0 0.19863722164095055 0.000467139175257732 0.9652276632302406 0.03310781786941581 0.0011597938144329897 3.7585910652920964e-05 0.2010490171810308 0.000467139175257732 0.9652276632302405 0.0331078178694158 0.0011597938144329897 3.7585910652920964e-05 0.28279243662743714 0.00024320896279068403 0.9667495319278483 0.03294883513157406 2.069457228276152e-05 3.772940550416964e-05 0.20027655745164136 0.00024918239664757305 0.9667329773733957 0.03295608400727119 2.403059258137828e-05 3.772563010427087e-05 
84.66666666666667 0.20081404232637332 1.0 0.20109092678999999 1.0 0.19863722164083686 0.00046713917525773203 0.9652276632302406 0.03310781786941581 0.0011597938144329897 3.7585910652920964e-05 0.2010490171810308 0.000467139175257732 0.9652276632302405 0.0331078178694158 0.0011597938144329897 3.7585910652920964e-05 0.28671910758456465 0.00024035490490882425 0.9667573687268632 0.03294530183749185 1.9243296878521934e-05 3.7731233857648614e-05 0.20026626858963686 0.00024625831560092464 0.9667411088550522 0.03295255998504476 2.2345374522055205e-05 3.7727469780143836e-05 
86.16666666666667 0.20081404232637345 1.0 0.20109092678999999 1.0 0.19863722164083153 0.0004671391752577321 0.9652276632302406 0.03310781786941581 0.0011597938144329897 3.758591065292097e-05 0.2010490171810308 0.000467139175257732 0.9652276632302405 0.0331078178694158 0.0011597938144329897 3.7585910652920964e-05 0.29044869501701837 0.00023753430716859204 0.9667650743893477 0.03294176445176572 1.7893794539026968e-05 3.773305717896131e-05 0.20025601115825256 0.0002433685105518845 0.9667490925509343 0.032949031300435 2.0778334303446403e-05 3.772930377542512e-05 
87.66666666666667 0.20084280441916758 1.0 0.20109092678999999 1.0 0.19885601472409786 0.0004671391752577319 0.9652276632302405 0.0331078178694158 0.0011597938144329895 3.758591065292096e-05 0.2010490171810308 0.000467139175257732 0.9652276632302405 0.0331078178694158 0.0011597938144329897 3.7585910652920964e-05 0.27572458548794027 0.00023474677943947103 0.9667726561924167 0.032938223223835356 1.663892855702048e-05 3.773487575153097e-05 0.20024578281358 0.00024051258224560524 0.9667569368590416 0.03294549824133547 1.9321184960302022e-05 3.7731132417182445e-05 
89.16666666666667 0.20081437199040228 1.0 0.20109092678999999 1.0 0.19864765467589046 0.00046713917525773203 0.9652276632302407 0.03310781786941581 0.0011597938144329897 3.7585910652920964e-05 0.2010490171810308 0.000467139175257732 0.9652276632302405 0.0331078178694158 0.0011597938144329897 3.7585910652920964e-05 0.2900701275718833 0.00023199193597640702 0.9667801209251433 0.03293467838639988 1.5472062640469882e-05 3.773668983977673e-05 0.20023558252740872 0.00023769013588417157 0.9667646496113036 0.03294196107621862 1.796622058316327e-05 3.773295601044245e-05 
90.66666666666667 0.20081404609574077 1.0 0.20109092678999999 1.0 0.1986377170183248 0.0004671391752577321 0.9652276632302407 0.03310781786941581 0.00115979381443299 3.7585910652920964e-05 0.2010490171810308 0.000467139175257732 0.9652276632302405 0.0331078178694158 0.0011597938144329897 3.7585910652920964e-05 0.277924013980886 0.00022926939538356995 0.9667874749225128 0.03293113015658402 1.4387025829036602e-05 3.773849969043514e-05 0.20022540818307155 0.00023490078109238575 0.9667722381129947 0.03293842005549018 1.670627558303866e-05 3.7734774839724976e-05 
92.16666666666667 0.20081404236947079 1.0 0.20109092678999999 1.0 0.19863724515736939 0.0004671391752577319 0.9652276632302405 0.0331078178694158 0.0011597938144329895 3.758591065292096e-05 0.2010490171810308 0.000467139175257732 0.9652276632302405 0.0331078178694158 0.0011597938144329897 3.7585910652920964e-05 0.27908391196323656 0.0002265787805773176 0.9667947240969971 0.03292757873702251 1.3378079869574912e-05 3.7740305533789174e-05 0.2002152589636467 0.00023214413188249935 0.9667797091793882 0.03293487541274782 1.5534686811003405e-05 3.773658917046926e-05 
93.66666666666667 0.20081404232686598 1.0 0.20109092678999999 1.0 0.19863722275719653 0.000467139175257732 0.9652276632302405 0.0331078178694158 0.0011597938144329897 3.7585910652920964e-05 0.2010490171810308 0.000467139175257732 0.9652276632302405 0.0331078178694158 0.0011597938144329897 3.7585910652920964e-05 0.27974334638805776 0.00022391971874847038 0.9668018739679198 0.03292402431686834 1.2439888878388994e-05 3.774210758481125e-05 0.20020513294915537 0.00022941980661802356 0.9667870691698465 0.032931327365952445 1.444525833275033e-05 3.773839925036125e-05 
95.16666666666667 0.200814042326379 1.0 0.20109092678999999 1.0 0.1986372216938267 0.000467139175257732 0.9652276632302406 0.03310781786941581 0.0011597938144329897 3.7585910652920964e-05 0.2010490171810308 0.000467139175257732 0.9652276632302405 0.0331078178694158 0.0011597938144329897 3.7585910652920964e-05 0.28121709452880483 0.0002212918413239954 0.966808929688771 0.032920467072730664 1.1567491130035381e-05 3.77439060442265e-05 0.20019502950555332 0.00022672742797673383 0.9667943240195239 0.03292777611851652 1.3432228672110718e-05 3.7740205310567126e-05 
96.66666666666667 0.2008140423263733 1.0 0.20109092678999999 1.0 0.198637221643347 0.00046713917525773203 0.9652276632302406 0.03310781786941581 0.0011597938144329897 3.7585910652920964e-05 0.2010490171810308 0.000467139175257732 0.9652276632302405 0.0331078178694158 0.0011597938144329897 3.7585910652920964e-05 0.3032325599657493 0.00021869478392818936 0.966815896072602 0.03291690716954656 1.0756272823672516e-05 3.774570109950136e-05 0.20018494688313004 0.000224066622912981 0.9668014792688525 0.03292422186031695 1.2490240350580007e-05 3.7742007566881474e-05 
98.16666666666667 0.20081404232637345 1.0 0.20109092678999999 1.0 0.19863722164095063 0.000467139175257732 0.9652276632302406 0.03310781786941581 0.0011597938144329897 3.7585910652920964e-05 0.2010490171810308 0.000467139175257732 0.9652276632302405 0.0331078178694158 0.0011597938144329897 3.7585910652920964e-05 0.28244039780035846 0.00021612818634344453 0.9668227776156502 0.032913344761392044 1.0001943688390741e-05 3.774749292576321e-05 0.20017488460615046 0.0002214370226194044 0.9668085400909617 0.03292066476863617 1.161431156198736e-05 3.774380622079419e-05 
99.66666666666667 0.20081404232637345 1.0 0.20109092678999999 1.0 0.19863722164083686 0.00046713917525773203 0.9652276632302406 0.03310781786941581 0.0011597938144329897 3.7585910652920964e-05 0.2010490171810308 0.000467139175257732 0.9652276632302405 0.0331078178694158 0.0011597938144329897 3.7585910652920964e-05 0.2887861680865046 0.0002135916924706724 0.966829578519308 0.032909779992236085 9.30051429865766e-06 3.774928168665573e-05 0.20016484107232518 0.00021883826248814177 0.9668155113171806 0.032917105009037995 1.079980983270987e-05 3.774560146048364e-05 
