Time 1.1-M-Pu-Total 1.1-M-Pu9 1.2-M-Pu-Total 1.2-M-Pu8 1.2-M-Pu9 1.2-M-Pu10 1.2-M-Pu11 1.2-M-Pu12 1.3-M-Pu-Total 1.3-M-Pu8 1.3-M-Pu9 1.3-M-Pu10 1.3-M-Pu11 1.3-M-Pu12 
0.16666666666666666 0.29243777777777774 0.9999999999999999 0.29242849267655924 0.0021582640949076113 0.7443000169770906 0.22406921905124072 0.022092287493618756 0.007380212383142481 0.29240311044947703 0.0021570302654488837 0.7443703442254995 0.224086697574641 0.022005076013577617 0.0073808519208328465 
0.25 0.29243777777777774 1.0 0.2924284926765592 0.0021582640949076113 0.7443000169770907 0.22406921905124072 0.022092287493618756 0.007380212383142481 0.29237564145262 0.002155812544146391 0.7444384991433296 0.22410577864775594 0.021918365411321517 0.007381544253446539 
0.3333333333333333 0.2914582897802788 1.0 0.29144903577848 0.0021582640949076113 0.7443000169770905 0.22406921905124064 0.022092287493618756 0.007380212383142479 0.29136909065529276 0.002154594757639092 0.7445063992525857 0.22412478305339376 0.021831988864173556 0.007382234072207921 
0.4166666666666667 0.2900238705845589 1.0 0.29001466212655935 0.002158264094907611 0.7443000169770905 0.22406921905124064 0.022092287493618752 0.007380212383142479 0.2899080757553343 0.0021533769076156027 0.7445740457340654 0.2241437108551734 0.02174594512399849 0.007382921379147115 
0.5 0.2900238705845589 1.0 0.29001466212655935 0.002158264094907611 0.7443000169770905 0.22406921905124064 0.022092287493618752 0.007380212383142479 0.28988114605306176 0.002152158997848255 0.744641439516479 0.22416256233408824 0.021660232968130196 0.007383606183454319 
2.0 0.2900238705845589 1.0 0.29001466212655935 0.002158264094907611 0.7443000169770905 0.22406921905124064 0.022092287493618752 0.007380212383142479 0.28941360681163275 0.002130230602844415 0.7458123566334837 0.2244891526278542 0.020172745125681697 0.00739551501013588 
3.5 0.2900238705845589 1.0 0.29001466212655935 0.002158264094907611 0.7443000169770905 0.22406921905124064 0.022092287493618752 0.007380212383142479 0.2889770810420129 0.002108304874162563 0.7469069056480816 0.22479268049084983 0.01878544150172426 0.007406667485181738 
5.0 0.2900238705845589 1.0 0.29001466212655935 0.002158264094907611 0.7443000169770905 0.22406921905124064 0.022092287493618752 0.007380212383142479 0.28856939423560124 0.002086401049506278 0.7479300138650169 0.22507463666405145 0.017491836041094545 0.007417112380330891 
6.5 0.2900238705845589 1.0 0.29001466212655935 0.002158264094907611 0.7443000169770905 0.22406921905124064 0.022092287493618752 0.007380212383142479 0.28818853100488157 0.002064536756878277 0.7488863165945856 0.2253364233426973 0.016285827726420506 0.007426895579418228 
8.0 0.2900238705845589 1.0 0.29001466212655935 0.002158264094907611 0.7443000169770905 0.22406921905124064 0.022092287493618752 0.007380212383142479 0.28783261076368316 0.0020427281214798116 0.7497801708628251 0.22557935835206094 0.015161682449868494 0.007436060213765619 
9.5 0.2899245810968647 1.0 0.29001485340763566 0.0021582658194702203 0.7443000718947886 0.2240692062928294 0.022092256220548317 0.007380199772363276 0.28845296363825945 0.0021915587001697977 0.7497292856446399 0.2252692722393757 0.015384279326523647 0.007425604089290819 
11.0 0.2899245810968647 1.0 0.29001485340763566 0.0021582658194702203 0.7443000718947886 0.2240692062928294 0.022092256220548317 0.007380199772363276 0.28845275712803364 0.0021915445129721284 0.7497298010853942 0.22526940987669497 0.015383635132097392 0.00742560939284121 
12.5 0.2899245810968647 1.0 0.29001485340763566 0.0021582658194702203 0.7443000718947886 0.2240692062928294 0.022092256220548317 0.007380199772363276 0.2884525639363961 0.0021915304102638647 0.7497302819126666 0.22526953711723197 0.015383036206279777 0.007425614353557778 
14.0 0.2899245810968647 1.0 0.29001485340763566 0.0021582658194702203 0.7443000718947886 0.2240692062928294 0.022092256220548317 0.007380199772363276 0.2884523831319302 0.0021915163969346224 0.7497307305470983 0.2252696546883119 0.01538247937223981 0.007425618995415443 
15.5 0.2899245810968647 1.0 0.29001485340763566 0.0021582658194702203 0.7443000718947886 0.2240692062928294 0.022092256220548317 0.007380199772363276 0.28845221384853054 0.00219150247740336 0.7497311492395656 0.2252697632662513 0.01538196167607201 0.007425623340707725 
17.0 0.2899245810968647 1.0 0.29001485340763566 0.0021582658194702203 0.7443000718947886 0.2240692062928294 0.022092256220548317 0.007380199772363276 0.28845205528083545 0.0021914886556528967 0.7497315400830917 0.22526986347993652 0.015381480371154065 0.007425627410164694 
18.5 0.2899245810968647 1.0 0.29001485340763566 0.0021582658194702203 0.7443000718947886 0.2240692062928294 0.022092256220548317 0.007380199772363276 0.2884519066799641 0.002191474935262008 0.7497319050239214 0.22526995591415178 0.015381032903602097 0.007425631223062683 
20.0 0.2899245810968647 1.0 0.29001485340763566 0.0021582658194702203 0.7443000718947886 0.2240692062928294 0.022092256220548317 0.007380199772363276 0.2884517673495539 0.002191461319435248 0.749732245871819 0.2252700411126732 0.015380616898746329 0.0074256347973262705 
21.5 0.2899245810968647 1.0 0.29001485340763566 0.0021582658194702203 0.7443000718947886 0.2240692062928294 0.022092256220548317 0.007380199772363276 0.288451636642075 0.0021914478110306615 0.7497325643096444 0.22527011958114615 0.015380230148555739 0.007425638149623125 
23.0 0.2899245810968647 1.0 0.29001485340763566 0.0021582658194702203 0.7443000718947886 0.2240692062928294 0.022092256220548317 0.007380199772363276 0.2884515139554041 0.0021914344125855355 0.7497328619022567 0.22527019178976032 0.015379870599944992 0.00742564129545219 
24.5 0.2899245810968647 1.0 0.29001485340763566 0.0021582658194702203 0.7443000718947886 0.2240692062928294 0.022092256220548317 0.007380199772363276 0.2884513987296377 0.002191421126340328 0.7497331401047942 0.22527025817573793 0.015379536343901873 0.007425644249225698 
26.0 0.2899245810968647 1.0 0.29001485340763566 0.0021582658194702203 0.7443000718947886 0.2240692062928294 0.022092256220548317 0.007380199772363276 0.28845129044413076 0.0021914079542608975 0.7497334002703703 0.2252703191456459 0.015379225605377505 0.007425647024345388 
27.5 0.2899245810968647 1.0 0.29001485340763566 0.0021582658194702203 0.7443000718947886 0.2240692062928294 0.022092256220548317 0.007380199772363276 0.28845118861474117 0.002191394898059158 0.749733643657234 0.22527037507754744 0.015378936733886022 0.007425649633273426 
29.0 0.2899245810968647 1.0 0.29001485340763566 0.0021582658194702203 0.7443000718947886 0.2240692062928294 0.022092256220548317 0.007380199772363276 0.2884510927912691 0.002191381959212266 0.7497338714354242 0.22527042632300123 0.015378668194763783 0.00742565208759831 
30.5 0.2899245810968647 1.0 0.29001485340763566 0.0021582658194702203 0.7443000718947886 0.2240692062928294 0.022092256220548317 0.007380199772363276 0.28845100255507494 0.0021913691389804533 0.7497340846929597 0.2252704732089217 0.015378418561041924 0.007425654398096187 
32.0 0.2899245810968647 1.0 0.29001485340763566 0.0021582658194702203 0.7443000718947886 0.2240692062928294 0.022092256220548317 0.007380199772363276 0.2884509175168654 0.0021913564384235763 0.7497342844415922 0.22527051603930737 0.015378186505889175 0.0074256565747878225 
33.5 0.2899245810968647 1.0 0.29001485340763566 0.0021582658194702203 0.7443000718947886 0.2240692062928294 0.022092256220548317 0.007380199772363276 0.28845083731463417 0.002191343858416505 0.749734471622158 0.2252705550968489 0.015377970795584972 0.0074256586269916105 
35.0 0.2899245810968647 1.0 0.29001485340763566 0.0021582658194702203 0.7443000718947886 0.2240692062928294 0.022092256220548317 0.007380199772363276 0.2884507616117475 0.0021913313996634073 0.7497346471095537 0.22527059064442426 0.015377770282985648 0.007425660563372853 
36.5 0.2899245810968647 1.0 0.29001485340763566 0.0021582658194702203 0.7443000718947886 0.2240692062928294 0.022092256220548317 0.007380199772363276 0.2884506900951641 0.0021913190627110162 0.7497348117173621 0.22527062292648833 0.015377583901449065 0.0074256623919895775 
38.0 0.2899245810968647 1.0 0.29001485340763566 0.0021582658194702203 0.7443000718947886 0.2240692062928294 0.022092256220548317 0.007380199772363276 0.2884506224737798 0.0021913068479609502 0.7497349662021526 0.22527065217036554 0.015377410659185574 0.007425664120335132 
39.5 0.2899245810968647 1.0 0.29001485340763566 0.0021582658194702203 0.7443000718947886 0.2240692062928294 0.022092256220548317 0.007380199772363276 0.2884505584768882 0.002191294755681162 0.7497351112674836 0.2252706785874521 0.015377249634005396 0.00742566575537782 
41.0 0.2899245810968647 1.0 0.29001485340763566 0.0021582658194702203 0.7443000718947886 0.2240692062928294 0.022092256220548317 0.007380199772363276 0.28845049785275034 0.0021912827860165545 0.7497352475676188 0.22527070237433264 0.01537709996843451 0.0074256673035977125 
42.5 0.2899245810968647 1.0 0.29001485340763566 0.0021582658194702203 0.7443000718947886 0.2240692062928294 0.022092256220548317 0.007380199772363276 0.28845044036726325 0.0021912709389988504 0.7497353757109868 0.22527072371382 0.015376960865173345 0.007425668771020921 
44.0 0.2899245810968647 1.0 0.29001485340763566 0.0021582658194702203 0.7443000718947886 0.2240692062928294 0.022092256220548317 0.007380199772363276 0.28845038580272286 0.002191259214555749 0.7497354962633975 0.22527074277592124 0.015376831582874104 0.007425670163251431 
45.5 0.2899245810968647 1.0 0.29001485340763566 0.0021582658194702203 0.7443000718947886 0.2240692062928294 0.022092256220548317 0.007380199772363276 0.2884503339566738 0.0021912476125194253 0.7497356097510297 0.22527075971873572 0.015376711432214382 0.0074256714855007195 
47.0 0.2899245810968647 1.0 0.29001485340763566 0.0021582658194702203 0.7443000718947886 0.2240692062928294 0.022092256220548317 0.007380199772363276 0.2884502846408393 0.002191236132634419 0.7497357166632134 0.22527077468929071 0.015376599772246355 0.0074256727426152925 
48.5 0.2899245810968647 1.0 0.29001485340763566 0.0021582658194702203 0.7443000718947886 0.2240692062928294 0.022092256220548317 0.007380199772363276 0.28845023768012706 0.0021912247745649585 0.7497358174550129 0.22527078782431795 0.015376496007002092 0.007425673939102279 
50.0 0.2899245810968647 1.0 0.29001485340763566 0.0021582658194702203 0.7443000718947886 0.2240692062928294 0.022092256220548317 0.007380199772363276 0.28845019291170365 0.0021912135379017527 0.7497359125496319 0.2252707992509759 0.015376399582337144 0.007425675079153246 
51.5 0.2899245810968647 1.0 0.29001485340763566 0.0021582658194702203 0.7443000718947886 0.2240692062928294 0.022092256220548317 0.007380199772363276 0.28845015018413495 0.0021912024221682988 0.7497360023406483 0.22527080908752153 0.015376309982995603 0.007425676166666338 
53.0 0.2899245810968647 1.0 0.29001485340763566 0.0021582658194702203 0.7443000718947886 0.2240692062928294 0.022092256220548317 0.007380199772363276 0.2884501093565866 0.002191191426826725 0.7497360871940912 0.2252708174439343 0.015376226729881072 0.007425677205266844 
54.5 0.2899245810968647 1.0 0.29001485340763566 0.0021582658194702203 0.7443000718947886 0.2240692062928294 0.022092256220548317 0.007380199772363276 0.28845007029808045 0.0021911805512832188 0.7497361674503744 0.22527082442249696 0.01537614937751921 0.0074256781983263525 
56.0 0.2899245810968647 1.0 0.29001485340763566 0.0021582658194702203 0.7443000718947886 0.2240692062928294 0.022092256220548317 0.007380199772363276 0.2884500328868029 0.0021911697948930543 0.7497362434260927 0.22527083011833549 0.015376077511698292 0.007425679148980536 
57.5 0.2899245810968647 1.0 0.29001485340763566 0.0021582658194702203 0.7443000718947886 0.2240692062928294 0.022092256220548317 0.007380199772363276 0.28844999700946256 0.00219115915696526 0.7497363154156926 0.22527083461992098 0.015376010747275355 0.007425680060145703 
59.0 0.2899245810968647 1.0 0.29001485340763566 0.0021582658194702203 0.7443000718947886 0.2240692062928294 0.022092256220548317 0.007380199772363276 0.2884499625606919 0.00219114863676694 0.7497363836930261 0.2252708380095366 0.015375948726136297 0.007425680934534189 
60.5 0.2899245810968647 1.0 0.29001485340763566 0.0021582658194702203 0.7443000718947886 0.2240692062928294 0.022092256220548317 0.007380199772363276 0.2884499294424922 0.0021911382335272813 0.7497364485127939 0.2252708403637111 0.015375891115299101 0.007425681774668643 
62.0 0.2899245810968647 1.0 0.29001485340763566 0.0021582658194702203 0.7443000718947886 0.2240692062928294 0.022092256220548317 0.007380199772363276 0.28844989756371625 0.002191127946441272 0.74973651011189 0.22527084175362305 0.015375837605150211 0.00742568258289536 
63.5 0.2899245810968647 1.0 0.29001485340763566 0.0021582658194702203 0.7443000718947886 0.2240692062928294 0.022092256220548317 0.007380199772363276 0.28844986683958795 0.0021911177746731375 0.7497365687106502 0.22527084224547547 0.015375787907804606 0.007425683361396619 
65.0 0.2899245810968647 1.0 0.29001485340763566 0.0021582658194702203 0.7443000718947886 0.2240692062928294 0.022092256220548317 0.007380199772363276 0.2884498371912558 0.002191107717359528 0.7497366245140122 0.22527084190084498 0.015375741755581 0.007425684112202205 
66.5 0.2899245810968647 1.0 0.29001485340763566 0.0021582658194702203 0.7443000718947886 0.2240692062928294 0.022092256220548317 0.007380199772363276 0.2884498085453766 0.002191097773612478 0.7497366777125968 0.22527084077700663 0.015375698899584058 0.007425684837200102 
68.0 0.2899245810968647 1.0 0.29001485340763566 0.0021582658194702203 0.7443000718947886 0.2240692062928294 0.022092256220548317 0.007380199772363276 0.2884497808337304 0.002191087942522124 0.7497367284837109 0.2252708389272346 0.015375659108386014 0.0074256855381464185 
69.5 0.2899245810968647 1.0 0.29001485340763566 0.0021582658194702203 0.7443000718947886 0.2240692062928294 0.022092256220548317 0.007380199772363276 0.28844975399286027 0.0021910782231592467 0.7497367769922816 0.22527083640108367 0.015375622166800933 0.007425686216674659 
71.0 0.2899245810968647 1.0 0.29001485340763566 0.0021582658194702203 0.7443000718947886 0.2240692062928294 0.022092256220548317 0.007380199772363276 0.28844972796373874 0.0021910686145776032 0.7497368233917237 0.22527083324464944 0.015375587874744882 0.007425686874304302 
72.5 0.2899245810968647 1.0 0.29001485340763566 0.0021582658194702203 0.7443000718947886 0.2240692062928294 0.022092256220548317 0.007380199772363276 0.28844970269145725 0.0021910591158160945 0.7497368678247477 0.22527082950081131 0.015375556046176164 0.007425687512448805 
74.0 0.2899245810968647 1.0 0.29001485340763566 0.0021582658194702203 0.7443000718947886 0.2240692062928294 0.022092256220548317 0.007380199772363276 0.2884496781249372 0.0021910497259007627 0.7497369104241093 0.22527082520945738 0.015375526508109848 0.007425688132423029 
75.5 0.2899245810968647 1.0 0.29001485340763566 0.0021582658194702203 0.7443000718947886 0.2240692062928294 0.022092256220548317 0.007380199772363276 0.2884496542166617 0.00219104044384664 0.7497369513133071 0.22527082040769456 0.015375499099701524 0.007425688735450157 
77.0 0.2899245810968647 1.0 0.29001485340763566 0.0021582658194702203 0.7443000718947886 0.2240692062928294 0.022092256220548317 0.007380199772363276 0.28844963092242576 0.0021910312686594605 0.7497369906072336 0.22527081513004352 0.015375473671395315 0.007425689322668121 
78.5 0.2899245810968647 1.0 0.29001485340763566 0.0021582658194702203 0.7443000718947886 0.2240692062928294 0.022092256220548317 0.007380199772363276 0.2884496082011039 0.002191022199337236 0.7497370284127755 0.22527080940862002 0.015375450084131699 0.007425689895135574 
79.83333333333333 0.2899245810968647 1.0 0.29001485340763566 0.0021582658194702203 0.7443000718947886 0.2240692062928294 0.022092256220548317 0.007380199772363276 0.2884885943941343 0.002193604646173053 0.7496392649010131 0.22524430448861366 0.015498137448489673 0.007424688515710526 
79.91666666666667 0.2900238705845589 1.0 0.29001466212655935 0.002158264094907611 0.7443000169770905 0.22406921905124064 0.022092287493618752 0.007380212383142479 0.28241272624578584 0.0011792698970486315 0.7625998652134892 0.22817095300909057 0.0004720639850125671 0.007577847895358939 
80.0 0.2900238705845589 1.0 0.29001466212655935 0.002158264094907611 0.7443000169770905 0.22406921905124064 0.022092287493618752 0.007380212383142479 0.2824108876448102 0.0011785011123561404 0.7626030086825327 0.22817043136960588 0.00047016271594021276 0.00757789611956507 
80.08333333333333 0.2900238705845589 1.0 0.29001466212655935 0.002158264094907611 0.7443000169770905 0.22406921905124064 0.022092287493618752 0.007380212383142479 0.28240905314322257 0.0011777328192207612 0.7626061459316616 0.2281699078664472 0.00046826910052817004 0.007577944282142426 
81.58333333333333 0.2899245810968647 1.0 0.29001485340763566 0.0021582658194702203 0.7443000718947886 0.2240692062928294 0.022092256220548317 0.007380199772363276 0.28843016943428734 0.0021897090073712535 0.7497857257337959 0.22528396349325486 0.015314412509089432 0.0074261892564886625 
83.08333333333333 0.2899245810968647 1.0 0.29001485340763566 0.0021582658194702203 0.7443000718947886 0.2240692062928294 0.022092256220548317 0.007380199772363276 0.2884301482387489 0.0021897002545707965 0.7497857595847098 0.22528395659283953 0.015314393778104845 0.007426189789775152 
84.58333333333333 0.2899245810968647 1.0 0.29001485340763566 0.0021582658194702203 0.7443000718947886 0.2240692062928294 0.022092256220548317 0.007380199772363276 0.288430127475495 0.0021896916035338597 0.7497857923094731 0.22528394935749532 0.015314376417599083 0.007426190311898704 
86.08333333333333 0.2899245810968647 1.0 0.29001485340763566 0.0021582658194702203 0.7443000718947886 0.2240692062928294 0.022092256220548317 0.007380199772363276 0.28843010711714484 0.0021896830532350713 0.7497858239823849 0.2252839418095419 0.015314360331242756 0.007426190823595308 
87.58333333333333 0.28992427098942636 1.0 0.2900145561871384 0.00215826210177741 0.7443006445161835 0.22406871074948506 0.02209220190875526 0.007380180723798767 0.28843047092788027 0.002190301572773646 0.7497847648832239 0.2252762944254713 0.015322771668406806 0.007425867450124395 
89.08333333333333 0.2900238705845589 1.0 0.29001466212655935 0.002158264094907611 0.7443000169770905 0.22406921905124064 0.022092287493618752 0.007380212383142479 0.28225242156964 0.0011105652057523268 0.7628657572997698 0.22811598154969395 0.000325642323556245 0.0075820536212277976 
90.58333333333333 0.28992427098942636 1.0 0.2900145561871384 0.00215826210177741 0.7443006445161835 0.22406871074948506 0.02209220190875526 0.007380180723798767 0.28811125723685316 0.002168297061067129 0.7505850286091311 0.22549215419004748 0.014320443358539625 0.0074340767812145075 
92.08333333333333 0.2899245810968647 1.0 0.29001485340763566 0.0021582658194702203 0.7443000718947886 0.2240692062928294 0.022092256220548317 0.007380199772363276 0.2881111880053933 0.0021676734653436323 0.7505852799751132 0.2254995305201925 0.014313123143231259 0.007434392896119387 
93.58333333333333 0.28992427098942636 1.0 0.2900145561871384 0.00215826210177741 0.7443006445161835 0.22406871074948506 0.02209220190875526 0.007380180723798767 0.2881109307934083 0.0021682685643607215 0.7505858364696967 0.2254923650741188 0.014319444711359822 0.007434085180463996 
95.08333333333333 0.2899245810968647 1.0 0.29001485340763566 0.0021582658194702203 0.7443000718947886 0.2240692062928294 0.022092256220548317 0.007380199772363276 0.2881111508810259 0.0021676574155772344 0.7505853341530496 0.2254995126665349 0.014313101935752281 0.007434393829085912 
96.58333333333333 0.28992427098942636 1.0 0.2900145561871384 0.00215826210177741 0.7443006445161835 0.22406871074948506 0.02209220190875526 0.007380180723798767 0.2881106441643699 0.002168240493274464 0.750586540616539 0.22549254481318987 0.01431858152454153 0.007434092552455191 
98.08333333333333 0.2899245810968647 1.0 0.29001485340763566 0.0021582658194702203 0.7443000718947886 0.2240692062928294 0.022092256220548317 0.007380199772363276 0.28811111477251294 0.0021676417407881913 0.7505853856904156 0.2254994940333014 0.01431308379963235 0.007434394735862302 
99.58333333333333 0.28992427098942636 1.0 0.2900145561871384 0.00215826210177741 0.7443006445161835 0.22406871074948506 0.02209220190875526 0.007380180723798767 0.28811039198182264 0.0021682128712197245 0.7505871550326929 0.22549269760809082 0.014317835452314753 0.007434099035681743 
