Time 2.1-M-Pu-Total 2.1-M-Pu9 2.2-M-Pu-Total 2.2-M-Pu8 2.2-M-Pu9 2.2-M-Pu10 2.2-M-Pu11 2.2-M-Pu12 2.3-M-Pu-Total 2.3-M-Pu8 2.3-M-Pu9 2.3-M-Pu10 2.3-M-Pu11 2.3-M-Pu12 
0.16666666666666666 0.1402638611111111 1.0 0.14026792639253005 0.0007255079294279838 0.9649755365925736 0.03309714016694078 0.0011622726341868465 3.954267687087371e-05 0.14026735262619197 0.0007250332020619531 0.9649808509837604 0.033096984283261674 0.0011575886982425245 3.954283267348855e-05 
0.25 0.13079986795002627 1.0 0.1308036589355914 0.0007255079294279835 0.9649755365925734 0.033097140166940764 0.0011622726341868463 3.95426768708737e-05 0.13080211063329558 0.0007245614342374929 0.9649860181805047 0.03309694939878238 0.0011529278534338308 3.954313304165483e-05 
0.3333333333333333 0.12995469957250305 0.9999999999999999 0.1299584660624691 0.0007255079294279837 0.9649755365925735 0.03309714016694077 0.0011622726341868465 3.954267687087371e-05 0.12995592357834712 0.0007240899599002102 0.9649911669560688 0.03309691389797243 0.001148285753382868 3.9543432675681054e-05 
0.4166666666666667 0.12995469957250305 0.9999999999999999 0.1299584660624691 0.0007255079294279837 0.9649755365925735 0.03309714016694077 0.0011622726341868465 3.954267687087371e-05 0.12995492178415313 0.000723618778585874 0.9649962973999924 0.033096877767532604 0.0011436623223294647 3.9543731559658416e-05 
0.5 0.12995469957250305 0.9999999999999999 0.1299584660624691 0.0007255079294279837 0.9649755365925735 0.03309714016694077 0.0011622726341868465 3.954267687087371e-05 0.12995392254845858 0.0007231478901762516 0.9650014095848003 0.033096841009960264 0.001139057485366649 3.9544029696551234e-05 
2.0 0.12995469957250305 0.9999999999999999 0.1299584660624691 0.0007255079294279837 0.9649755365925735 0.03309714016694077 0.0011622726341868465 3.954267687087371e-05 0.1299363476446825 0.0007147218492264632 0.9650903875722809 0.03309607492445284 0.0010592663823182347 3.9549271721563974e-05 
3.5 0.129954699572503 1.0 0.12995846606246908 0.0007255079294279837 0.9649755365925735 0.03309714016694077 0.0011622726341868465 3.9542676870873704e-05 0.12991951520887857 0.0007063899641537541 0.9651738763482622 0.0330951203542336 0.000985059044201369 3.9554289149035635e-05 
5.0 0.129954699572503 1.0 0.12995846606246908 0.0007255079294279837 0.9649755365925735 0.03309714016694077 0.0011622726341868465 3.9542676870873704e-05 0.12990337375259683 0.0006981515059064766 0.9652522536091107 0.03309399031394635 0.0009160454736056121 3.9559097430948135e-05 
6.5 0.129954699572503 1.0 0.12995846606246908 0.0007255079294279837 0.9649755365925735 0.03309714016694077 0.0011622726341868465 3.9542676870873704e-05 0.1298878757315441 0.0006900057238664459 0.9653258708404754 0.03309269691370608 0.0008518628110042753 3.956371094753811e-05 
8.0 0.129954699572503 1.0 0.12995846606246908 0.0007255079294279837 0.9649755365925735 0.03309714016694077 0.0011622726341868465 3.9542676870873704e-05 0.12987297658918617 0.0006819518485136916 0.9653950551267012 0.03309125142164083 0.0007921734600630371 3.9568143081241867e-05 
9.5 0.12997110937467699 1.0 0.12995830356126206 0.0007255058611939489 0.9649754893921121 0.03309719064541554 0.0011622714340098418 3.954266726855924e-05 0.13020588281633882 0.0006887733743306541 0.9654526545232318 0.033003134352328004 0.000815970926269644 3.946682383992114e-05 
11.0 0.12997110937467699 1.0 0.12995830356126206 0.0007255058611939489 0.9649754893921121 0.03309719064541554 0.0011622714340098418 3.954266726855924e-05 0.1298586352268196 0.0006739890938682338 0.9654601108370778 0.033089664322169324 0.0007366633405990512 3.957240628561e-05 
12.5 0.12997110937467699 1.0 0.12995830356126206 0.0007255058611939489 0.9649754893921121 0.03309719064541554 0.0011622714340098418 3.954266726855924e-05 0.13020588281633882 0.0006887733743306541 0.9654526545232318 0.033003134352328004 0.000815970926269644 3.946682383992114e-05 
14.0 0.12997110937467699 1.0 0.12995830356126206 0.0007255058611939489 0.9649754893921121 0.03309719064541554 0.0011622714340098418 3.954266726855924e-05 0.13018810245812332 0.0006789551679455572 0.9655336952526472 0.03300125060764559 0.0007466268878679835 3.947208389363879e-05 
15.5 0.12997110937467699 1.0 0.12995830356126206 0.0007255058611939489 0.9649754893921121 0.03309719064541554 0.0011622714340098418 3.954266726855924e-05 0.129831474627488 0.0006583337337087669 0.9655789497521966 0.03308610364219434 0.0006370324004431925 3.958047145702905e-05 
17.0 0.12997110937467699 1.0 0.12995830356126206 0.0007255058611939489 0.9649754893921121 0.03309719064541554 0.0011622714340098418 3.954266726855924e-05 0.13020588281633882 0.0006887733743306541 0.9654526545232318 0.033003134352328004 0.000815970926269644 3.946682383992114e-05 
18.5 0.12997110937467699 1.0 0.12995830356126206 0.0007255058611939489 0.9649754893921121 0.03309719064541554 0.0011622714340098418 3.954266726855924e-05 0.1301741460242572 0.0006710240400690522 0.9655956395884571 0.03299956058225405 0.0006942995798076225 3.947620941213514e-05 
20.0 0.12997110937467699 1.0 0.12995830356126206 0.0007255058611939489 0.9649754893921121 0.03309719064541554 0.0011622714340098418 3.954266726855924e-05 0.130174139959405 0.0006710204296888083 0.9655956652092258 0.032999559684799167 0.0006942784650844606 3.947621120176035e-05 
21.5 0.12997110937467699 1.0 0.12995830356126206 0.0007255058611939489 0.9649754893921121 0.03309719064541554 0.0011622714340098418 3.954266726855924e-05 0.1297940401977508 0.0006355137361897325 0.9657327128314386 0.03307992334657188 0.0005122585188470761 3.959156695293164e-05 
23.0 0.12997110937467699 1.0 0.12995830356126206 0.0007255058611939489 0.9649754893921121 0.03309719064541554 0.0011622714340098418 3.954266726855924e-05 0.13020588281633882 0.0006887733743306541 0.9654526545232318 0.033003134352328004 0.000815970926269644 3.946682383992114e-05 
24.5 0.12997110937467699 1.0 0.12995830356126206 0.0007255058611939489 0.9649754893921121 0.03309719064541554 0.0011622714340098418 3.954266726855924e-05 0.13016068107957693 0.0006631830760608972 0.9656539526889408 0.032997746423338865 0.0006456376249209534 3.94801867384373e-05 
26.0 0.12997110937467699 1.0 0.12995830356126206 0.0007255058611939489 0.9649754893921121 0.03309719064541554 0.0011622714340098418 3.954266726855924e-05 0.13016067337896686 0.0006631783446668858 0.9656539839961642 0.03299774512944724 0.0006456123407135838 3.9480189008061726e-05 
27.5 0.12997110937467699 1.0 0.12995830356126206 0.0007255058611939489 0.9649754893921121 0.03309719064541554 0.0011622714340098418 3.954266726855924e-05 0.13016066567835674 0.0006631736132723144 0.9656540153033915 0.032997743835555454 0.0006455870565032229 3.948019127768642e-05 
29.0 0.12997110937467699 1.0 0.12995830356126206 0.0007255058611939489 0.9649754893921121 0.03309719064541554 0.0011622714340098418 3.954266726855924e-05 0.129749129937454 0.0006062894776866375 0.9659006529228499 0.03307041399338231 0.0003830387621400309 3.960484394094705e-05 
30.5 0.12997110937467699 1.0 0.12995830356126206 0.0007255058611939489 0.9649754893921121 0.03309719064541554 0.0011622714340098418 3.954266726855924e-05 0.13020588281633882 0.0006887733743306541 0.9654526545232318 0.033003134352328004 0.000815970926269644 3.946682383992114e-05 
32.0 0.12997110937467699 1.0 0.12995830356126206 0.0007255058611939489 0.9649754893921121 0.03309719064541554 0.0011622714340098418 3.954266726855924e-05 0.1301476738576962 0.0006554314498242269 0.965708883305877 0.03299581667309231 0.0006003845451814375 3.948402602506372e-05 
33.5 0.12997110937467699 1.0 0.12995830356126206 0.0007255058611939489 0.9649754893921121 0.03309719064541554 0.0011622714340098418 3.954266726855924e-05 0.13014766466463107 0.0006554256370496296 0.9657089192393263 0.03299581494668804 0.0006003561482045331 3.948402873139176e-05 
35.0 0.12997110937467699 1.0 0.12995830356126206 0.0007255058611939489 0.9649754893921121 0.03309719064541554 0.0011622714340098418 3.954266726855924e-05 0.13014765547156593 0.0006554198242742108 0.9657089551727809 0.032995813220283526 0.0006003277512236171 3.9484031437720195e-05 
36.5 0.12997110937467699 1.0 0.12995830356126206 0.0007255058611939489 0.9649754893921121 0.03309719064541554 0.0011622714340098418 3.954266726855924e-05 0.13014764627850073 0.0006554140114979711 0.9657089911062405 0.03299581149387878 0.0006002993542386895 3.9484034144048994e-05 
38.0 0.12997110937467699 1.0 0.12995830356126206 0.0007255058611939489 0.9649754893921121 0.03309719064541554 0.0011622714340098418 3.954266726855924e-05 0.12969907732739253 0.0005716149627873516 0.9660654533125399 0.033056985655419036 0.00026632647512411973 3.9619594129706385e-05 
39.5 0.12997110937467699 1.0 0.12995830356126206 0.0007255058611939489 0.9649754893921121 0.03309719064541554 0.0011622714340098418 3.954266726855924e-05 0.13020588281633882 0.0006887733743306541 0.9654526545232318 0.033003134352328004 0.000815970926269644 3.946682383992114e-05 
41.0 0.12997110937467699 1.0 0.12995830356126206 0.0007255058611939489 0.9649754893921121 0.03309719064541554 0.0011622714340098418 3.954266726855924e-05 0.1301350929554849 0.0006477683263195363 0.9657606628851103 0.032993779278543356 0.0005583017733081862 3.948773671857333e-05 
42.5 0.12997110937467699 1.0 0.12995830356126206 0.0007255058611939489 0.9649754893921121 0.03309719064541554 0.0011622714340098418 3.954266726855924e-05 0.13013508238994193 0.0006477614708401277 0.9657607025570175 0.03299377708946028 0.0005582711428565635 3.948773982535343e-05 
44.0 0.12997110937467699 1.0 0.12995830356126206 0.0007255058611939489 0.9649754893921121 0.03309719064541554 0.0011622714340098418 3.954266726855924e-05 0.13013507182439893 0.0006477546153596063 0.9657607422289314 0.032993774900376874 0.0005582405123999673 3.948774293213404e-05 
45.5 0.12997110937467699 1.0 0.12995830356126206 0.0007255058611939489 0.9649754893921121 0.03309719064541554 0.0011622714340098418 3.954266726855924e-05 0.13013506125885596 0.0006477477598779715 0.9657607819008517 0.0329937727112931 0.0005582098819383971 3.948774603891516e-05 
47.0 0.12997110937467699 1.0 0.12995830356126206 0.0007255058611939489 0.9649754893921121 0.03309719064541554 0.0011622714340098418 3.954266726855924e-05 0.130135050693313 0.0006477409043952236 0.9657608215727781 0.032993770522208955 0.0005581792514718532 3.948774914569677e-05 
48.5 0.12997110937467699 1.0 0.12995830356126206 0.0007255058611939489 0.9649754893921121 0.03309719064541554 0.0011622714340098418 3.954266726855924e-05 0.12964533667388647 0.0005325872460896848 0.9662163168808451 0.033039273962409285 0.00017218653433896192 3.9635376317000804e-05 
50.0 0.12997110937467699 1.0 0.12995830356126206 0.0007255058611939489 0.9649754893921121 0.03309719064541554 0.0011622714340098418 3.954266726855924e-05 0.13020588281633882 0.0006887733743306541 0.9654526545232318 0.033003134352328004 0.000815970926269644 3.946682383992114e-05 
51.5 0.12997110937467699 1.0 0.12995830356126206 0.0007255058611939489 0.9649754893921121 0.03309719064541554 0.0011622714340098418 3.954266726855924e-05 0.13012290916703853 0.0006401928631687617 0.9658095067693939 0.03299164163298841 0.0005191674068403033 3.949132760860647e-05 
53.0 0.12997110937467699 1.0 0.12995830356126206 0.0007255058611939489 0.9649754893921121 0.03309719064541554 0.0011622714340098418 3.954266726855924e-05 0.13012289732912893 0.0006401850027061304 0.9658095494389293 0.032991638956095054 0.0005191352711838972 3.9491331085588855e-05 
54.5 0.12997110937467699 1.0 0.12995830356126206 0.0007255058611939489 0.9649754893921121 0.03309719064541554 0.0011622714340098418 3.954266726855924e-05 0.13012288549121925 0.0006401771422420688 0.9658095921084725 0.03299163627920121 0.000519103135521644 3.949133456257189e-05 
56.0 0.12997110937467699 1.0 0.12995830356126206 0.0007255058611939489 0.9649754893921121 0.03309719064541554 0.0011622714340098418 3.954266726855924e-05 0.13012287365330966 0.0006401692817765768 0.9658096347780234 0.03299163360230686 0.0005190709998535437 3.9491338039555534e-05 
57.5 0.12997110937467699 1.0 0.12995830356126206 0.0007255058611939489 0.9649754893921121 0.03309719064541554 0.0011622714340098418 3.954266726855924e-05 0.13012286181539995 0.000640161421309655 0.9658096774475823 0.032991630925412053 0.0005190388641795965 3.9491341516539825e-05 
59.0 0.12997110937467699 1.0 0.12995830356126206 0.0007255058611939489 0.9649754893921121 0.03309719064541554 0.0011622714340098418 3.954266726855924e-05 0.13012284997749038 0.0006401535608413025 0.9658097201171487 0.03299162824851673 0.0005190067284998018 3.949134499352474e-05 
60.5 0.12997110937467699 1.0 0.12995830356126206 0.0007255058611939489 0.9649754893921121 0.03309719064541554 0.0011622714340098418 3.954266726855924e-05 0.12958844088664684 0.0004903879393990667 0.9663492957476446 0.03301715114238289 0.00010351314056614791 3.965203000721017e-05 
62.0 0.12997110937467699 1.0 0.12995830356126206 0.0007255058611939489 0.9649754893921121 0.03309719064541554 0.0011622714340098418 3.954266726855924e-05 0.13020588281633882 0.0006887733743306541 0.9654526545232318 0.033003134352328004 0.000815970926269644 3.946682383992114e-05 
63.5 0.12997110937467699 1.0 0.12995830356126206 0.0007255058611939489 0.9649754893921121 0.03309719064541554 0.0011622714340098418 3.954266726855924e-05 0.1301110953293368 0.0006327042121203356 0.9658556153182208 0.03298941061455822 0.00048277504822716403 3.9494806873543096e-05 
65.0 0.12997110937467699 1.0 0.12995830356126206 0.0007255058611939489 0.9649754893921121 0.03309719064541554 0.0011622714340098418 3.954266726855924e-05 0.1301110823022746 0.0006326953834481536 0.9658556603695769 0.032989407429006384 0.000482742007272858 3.949481069558477e-05 
66.5 0.12997110937467699 1.0 0.12995830356126206 0.0007255058611939489 0.9649754893921121 0.03309719064541554 0.0011622714340098418 3.954266726855924e-05 0.13011106927521238 0.0006326865547742043 0.9658557054209425 0.03298940424345394 0.000482708966311936 3.9494814517627226e-05 
68.0 0.12997110937467699 1.0 0.12995830356126206 0.0007255058611939489 0.9649754893921121 0.03309719064541554 0.0011622714340098418 3.954266726855924e-05 0.1301110562481502 0.0006326777260984867 0.9658557504723164 0.03298940105790084 0.00048267592534439736 3.9494818339670426e-05 
69.5 0.12997110937467699 1.0 0.12995830356126206 0.0007255058611939489 0.9649754893921121 0.03309719064541554 0.0011622714340098418 3.954266726855924e-05 0.130111043221088 0.0006326688974210013 0.9658557955236998 0.032989397872347115 0.0004826428843702427 3.949482216171441e-05 
71.0 0.12997110937467699 1.0 0.12995830356126206 0.0007255058611939489 0.9649754893921121 0.03309719064541554 0.0011622714340098418 3.954266726855924e-05 0.13011103019402578 0.000632660068741748 0.9658558405750923 0.032989394686792746 0.00048260984338947165 3.949482598375915e-05 
72.5 0.12997110937467699 1.0 0.12995830356126206 0.0007255058611939489 0.9649754893921121 0.03309719064541554 0.0011622714340098418 3.954266726855924e-05 0.1301110171669636 0.0006326512400607269 0.9658558856264937 0.03298939150123774 0.0004825768024020841 3.949482980580465e-05 
74.0 0.12997110937467699 1.0 0.12995830356126206 0.0007255058611939489 0.9649754893921121 0.03309719064541554 0.0011622714340098418 3.954266726855924e-05 0.129528233659869 0.0004462222082158614 0.9664655779330416 0.032990666875987396 5.786337739486882e-05 3.966960536035125e-05 
75.5 0.12997110937467699 1.0 0.12995830356126206 0.0007255058611939489 0.9649754893921121 0.03309719064541554 0.0011622714340098418 3.954266726855924e-05 0.13020588281633882 0.0006887733743306541 0.9654526545232318 0.033003134352328004 0.000815970926269644 3.946682383992114e-05 
77.0 0.12997110937467699 1.0 0.12995830356126206 0.0007255058611939489 0.9649754893921121 0.03309719064541554 0.0011622714340098418 3.954266726855924e-05 0.1300996261787653 0.0006253015203864032 0.9658991749502895 0.03298709262211594 0.0004489327250850267 3.949818212300857e-05 
78.5 0.12997110937467699 1.0 0.12995830356126206 0.0007255058611939489 0.9649754893921121 0.03309719064541554 0.0011622714340098418 3.954266726855924e-05 0.13009961203141435 0.0006252917593392203 0.9658992218738746 0.032987088910696155 0.0004488992698205894 3.949818626930525e-05 
79.83333333333333 0.12997110937467699 1.0 0.12995830356126206 0.0007255058611939489 0.9649754893921121 0.03309719064541554 0.0011622714340098418 3.954266726855924e-05 0.13010085572493552 0.0006261001616463336 0.9658945502192018 0.032987346829080895 0.0004525049697023645 3.9497820368605856e-05 
79.91666666666667 0.129954699572503 1.0 0.12995846606246908 0.0007255079294279837 0.9649755365925735 0.03309714016694077 0.0011622726341868465 3.9542676870873704e-05 0.1301116973011859 0.0006330872360064892 0.9658532758008356 0.03298952557719125 0.0004846167563676168 3.949462959893068e-05 
80.0 0.129954699572503 1.0 0.12995846606246908 0.0007255079294279837 0.9649755365925735 0.03309714016694077 0.0011622726341868465 3.9542676870873704e-05 0.13012284669621454 0.0006401507737802949 0.9658097251149055 0.03299162665267565 0.0005190061126986958 3.9491345939764924e-05 
80.08333333333333 0.129954699572503 1.0 0.12995846606246908 0.0007255079294279837 0.9649755365925735 0.03309714016694077 0.0011622726341868465 3.9542676870873704e-05 0.13013432514516074 0.0006472914893545867 0.9657637414698252 0.03299364467705398 0.000555834400771059 3.948796299494895e-05 
81.58333333333333 0.12997110937467699 1.0 0.12995830356126206 0.0007255058611939489 0.9649754893921121 0.03309719064541554 0.0011622714340098418 3.954266726855924e-05 0.1301343099095951 0.000647281389635113 0.9657637964349071 0.03299364123983807 0.0005557929681504154 3.9487967469241794e-05 
83.08333333333333 0.12997110937467699 1.0 0.12995830356126206 0.0007255058611939489 0.9649754893921121 0.03309719064541554 0.0011622714340098418 3.954266726855924e-05 0.13013429467402945 0.0006472712899132746 0.9657638514000018 0.032993637802621344 0.0005557515355200704 3.9487971943535715e-05 
84.58333333333333 0.12997110937467699 1.0 0.12995830356126206 0.0007255058611939489 0.9649754893921121 0.03309719064541554 0.0011622714340098418 3.954266726855924e-05 0.129464203128207 0.0004012607635477576 0.966569011470558 0.0329599631077585 3.0076396288344528e-05 3.968826184726367e-05 
86.08333333333333 0.12997110937467699 1.0 0.12995830356126206 0.0007255058611939489 0.9649754893921121 0.03309719064541554 0.0011622714340098418 3.954266726855924e-05 0.13020588281633882 0.0006887733743306541 0.9654526545232318 0.033003134352328004 0.000815970926269644 3.946682383992114e-05 
87.58333333333333 0.12997065075229133 1.0 0.12995740888330604 0.0007255058611493723 0.9649754893910948 0.0330971906465035 0.0011622714339839745 3.9542667268352275e-05 0.1301222389808409 0.0006397714436484928 0.9658121519701727 0.032991518804423206 0.0005170662567127983 3.949152504286537e-05 
89.08333333333333 0.129954699572503 1.0 0.12995846606246908 0.0007255079294279837 0.9649755365925735 0.03309714016694077 0.0011622726341868465 3.9542676870873704e-05 0.13012222267697607 0.0006397604147123687 0.9658122084229952 0.03299151482823987 0.0005170248042268643 3.9491529825679395e-05 
90.58333333333333 0.12997065075229133 1.0 0.12995740888330604 0.0007255058611493723 0.9649754893910948 0.0330971906465035 0.0011622714339839745 3.9542667268352275e-05 0.13012200935545498 0.000639617690100949 0.9658129653679386 0.03299146509190036 0.000516460257608458 3.949159245162859e-05 
92.08333333333333 0.12997110937467699 1.0 0.12995830356126206 0.0007255058611939489 0.9649754893921121 0.03309719064541554 0.0011622714340098418 3.954266726855924e-05 0.13012217254248454 0.0006397274846674312 0.9658123932941354 0.0329915040112985 0.0005168836653370154 3.9491544561812824e-05 
93.58333333333333 0.12997065075229133 1.0 0.12995740888330604 0.0007255058611493723 0.9649754893910948 0.0330971906465035 0.0011622714339839745 3.9542667268352275e-05 0.13012216072216723 0.0006397196292453765 0.9658124358337049 0.03299150132996698 0.0005168516590492801 3.949154803349538e-05 
95.08333333333333 0.12997110937467699 1.0 0.12995830356126206 0.0007255058611939489 0.9649754893921121 0.03309719064541554 0.0011622714340098418 3.954266726855924e-05 0.1301221489018499 0.0006397117738218945 0.9658124783732822 0.03299149864863496 0.00051681965275573 3.9491551505178574e-05 
96.58333333333333 0.12997065075229133 1.0 0.12995740888330604 0.0007255058611493723 0.9649754893910948 0.0330971906465035 0.0011622714339839745 3.9542667268352275e-05 0.12941570165873506 0.00036920005672466715 0.9666376037992048 0.032935486875208905 1.8006888613255123e-05 3.9702380248352154e-05 
98.08333333333333 0.12997110937467699 1.0 0.12995830356126206 0.0007255058611939489 0.9649754893921121 0.03309719064541554 0.0011622714340098418 3.954266726855924e-05 0.13020588281633882 0.0006887733743306541 0.9654526545232318 0.033003134352328004 0.000815970926269644 3.946682383992114e-05 
99.58333333333333 0.12997065075229133 1.0 0.12995740888330604 0.0007255058611493723 0.9649754893910948 0.0330971906465035 0.0011622714339839745 3.9542667268352275e-05 0.08862039536405471 0.0006887733752513537 0.9654526545223036 0.0330031343523009 0.000815970926268974 3.946682387522732e-05 
