Time 1.1-W-Pu-Total 1.1-W-Pu9 1.1-M-Pu-Total 1.1-M-Pu9 1.2-W-Pu-Total 1.2-W-Pu8 1.2-W-Pu9 1.2-W-Pu10 1.2-W-Pu11 1.2-W-Pu12 1.2-M-Pu-Total 1.2-M-Pu8 1.2-M-Pu9 1.2-M-Pu10 1.2-M-Pu11 1.2-M-Pu12 1.3-W-Pu-Total 1.3-W-Pu8 1.3-W-Pu9 1.3-W-Pu10 1.3-W-Pu11 1.3-W-Pu12 1.3-M-Pu-Total 1.3-M-Pu8 1.3-M-Pu9 1.3-M-Pu10 1.3-M-Pu11 1.3-M-Pu12 
0.16666666666666666 0.2069888888888889 0.9999999999999999 0.2069888888888889 0.9999999999999999 0.2483349000940056 0.0004671391752577319 0.9652276632302405 0.03310781786941581 0.0011597938144329895 3.758591065292096e-05 0.206945750078338 0.0004671391752577319 0.9652276632302406 0.0331078178694158 0.0011597938144329895 3.758591065292096e-05 0.2897218532359138 0.00046683514048889154 0.965232677078142 0.033107777684665704 0.0011551239065514128 3.758619015200461e-05 0.20694418088279556 0.0004668351404888916 0.965232677078142 0.03310777768466571 0.0011551239065514128 3.758619015200461e-05 
0.3333333333333333 0.20084313706875453 0.9999999999999999 0.20109092678999999 1.0 0.1988669163424761 0.000467139175257732 0.9652276632302405 0.0331078178694158 0.0011597938144329895 3.7585910652920964e-05 0.2010490171810308 0.000467139175257732 0.9652276632302405 0.0331078178694158 0.0011597938144329897 3.7585910652920964e-05 0.2378512813654594 0.0004662276378822428 0.9652426498272508 0.03310769542796752 0.001145840359885633 3.7586747013729156e-05 0.2010459720527373 0.0004665312947224271 0.965237672586172 0.03310773687001185 0.0011504727801557718 3.7586468937995764e-05 
0.5 0.20084313706875453 0.9999999999999999 0.20109092678999999 1.0 0.1988669163424761 0.000467139175257732 0.9652276632302405 0.0331078178694158 0.0011597938144329895 3.7585910652920964e-05 0.2010490171810308 0.000467139175257732 0.9652276632302405 0.0331078178694158 0.0011597938144329897 3.7585910652920964e-05 0.237761428789772 0.0004656208906754702 0.9652525497987847 0.033107610671710336 0.0011366313377838212 3.758730104570516e-05 0.20104445552904682 0.0004662276378822427 0.9652426498272507 0.033107695427967515 0.0011458403598856328 3.758674701372915e-05 
0.6666666666666666 0.20084313706875453 0.9999999999999999 0.20109092678999999 1.0 0.1988669163424761 0.000467139175257732 0.9652276632302405 0.0331078178694158 0.0011597938144329895 3.7585910652920964e-05 0.2010490171810308 0.000467139175257732 0.9652276632302405 0.0331078178694158 0.0011597938144329897 3.7585910652920964e-05 0.23774449460763702 0.0004650148982563868 0.9652623775703122 0.03310752343580026 0.00112749624336067 3.758785227038539e-05 0.2010429425118835 0.0004659241698920701 0.9652476088740086 0.033107653361035945 0.0011412265706815387 3.758702438202823e-05 
2.1666666666666665 0.20084313706875453 0.9999999999999999 0.20109092678999999 1.0 0.1988669163424761 0.000467139175257732 0.9652276632302405 0.0331078178694158 0.0011597938144329895 3.7585910652920964e-05 0.2010490171810308 0.000467139175257732 0.9652276632302405 0.0331078178694158 0.0011597938144329897 3.7585910652920964e-05 0.2433698626029816 0.00045959482961337275 0.9653476715655398 0.03310662993516798 0.0010485109790972866 3.759269058159557e-05 0.20104143358610438 0.0004656208906754702 0.9652525497987846 0.033107610671710336 0.0011366313377838215 3.7587301045705154e-05 
3.6666666666666665 0.20084313706875453 0.9999999999999999 0.20109092678999999 1.0 0.1988669163424761 0.000467139175257732 0.9652276632302405 0.0331078178694158 0.0011597938144329895 3.7585910652920964e-05 0.2010490171810308 0.000467139175257732 0.9652276632302405 0.0331078178694158 0.0011597938144329897 3.7585910652920964e-05 0.24447739280031416 0.00045423539009016085 0.9654275628947797 0.033105550936966065 0.0009750534593417252 3.7597318822290514e-05 0.20101490397546945 0.0004601940569248286 0.9653384683501521 0.033106738617954254 0.001057006811327525 3.7592163641214296e-05 
5.166666666666667 0.20084313706875453 0.9999999999999999 0.20109092678999999 1.0 0.1988669163424761 0.000467139175257732 0.9652276632302405 0.0331078178694158 0.0011597938144329895 3.7585910652920964e-05 0.2010490171810308 0.000467139175257732 0.9652276632302405 0.0331078178694158 0.0011597938144329897 3.7585910652920964e-05 0.24470991367991637 0.0004489361067812649 0.9655024252600616 0.033104299318532905 0.000906737563103464 3.760175152094415e-05 0.2009895135954796 0.0004548279039198185 0.9654189410282855 0.03310567957766352 0.0009829546756444944 3.759681448646993e-05 
6.666666666666667 0.20084313706875453 0.9999999999999999 0.20109092678999999 1.0 0.1988669163424761 0.000467139175257732 0.9652276632302405 0.0331078178694158 0.0011597938144329895 3.7585910652920964e-05 0.2010490171810308 0.000467139175257732 0.9652276632302405 0.0331078178694158 0.0011597938144329897 3.7585910652920964e-05 0.2447656622466892 0.0004436964931660224 0.965572606402077 0.03310288706124372 0.0008432040413160357 3.7606002197265446e-05 0.20096518271270883 0.0004495219603789852 0.9654943445360776 0.033104446531747406 0.0009140857035695108 3.7601268226546186e-05 
8.166666666666666 0.20084313706875453 0.9999999999999999 0.20109092678999999 1.0 0.1988669163424761 0.000467139175257732 0.9652276632302405 0.0331078178694158 0.0011597938144329895 3.7585910652920964e-05 0.2010490171810308 0.000467139175257732 0.9652276632302405 0.0331078178694158 0.0011597938144329897 3.7585910652920964e-05 0.24478454615846873 0.0004385160508040823 0.9656384298931778 0.03310132531248799 0.0007841186600979351 3.7610083431829046e-05 0.20094183834048177 0.0004442757412080243 0.9655650294079555 0.03310305155799179 0.0008500377543548673 3.760553848970863e-05 
9.666666666666666 0.20084313706875453 0.9999999999999999 0.20109092678999999 1.0 0.1988669163424761 0.000467139175257732 0.9652276632302405 0.0331078178694158 0.0011597938144329895 3.7585910652920964e-05 0.2010490171810308 0.000467139175257732 0.9652276632302405 0.0331078178694158 0.0011597938144329897 3.7585910652920964e-05 0.24479490501044437 0.00043339427088886004 0.9657001968082697 0.03309962444341925 0.0007291704704913464 3.761400693096691e-05 0.2009194114450368 0.00043908874921178335 0.965631321816968 0.033101505893524626 0.0007904739023381081 3.7609637957591795e-05 
11.166666666666666 0.2008345505829504 1.0 0.20109092678999999 1.0 0.1988669163424761 0.000467139175257732 0.9652276632302405 0.0331078178694158 0.0011597938144329895 3.7585910652920964e-05 0.2010490171810308 0.000467139175257732 0.9652276632302405 0.0331078178694158 0.0011597938144329897 3.7585910652920964e-05 0.23948898067254926 0.00042833063567019464 0.9657581872816752 0.033097794102756976 0.0006780701963103537 3.7617783587233886e-05 0.20089783898842134 0.00043396047666292674 0.9656935252588347 0.033099819993021064 0.0007350806930506812 3.761357843060134e-05 
12.666666666666666 0.20082389487684596 1.0 0.20109092678999999 1.0 0.1988669163424761 0.000467139175257732 0.9652276632302405 0.0331078178694158 0.0011597938144329895 3.7585910652920964e-05 0.2010490171810308 0.000467139175257732 0.9652276632302405 0.0331078178694158 0.0011597938144329897 3.7585910652920964e-05 0.23676551598178 0.00042332461975658583 0.9658126619575539 0.033095843266903846 0.0006305487322499851 3.762142353574176e-05 0.20087706118792528 0.0004288904067385997 0.965751922121102 0.03309800358293094 0.0006835665183397359 3.7617370888856806e-05 
14.166666666666666 0.20081577838551948 1.0 0.20109092678999999 1.0 0.19875759009238406 0.0004671391752577319 0.9652276632302405 0.03310781786941581 0.0011597938144329897 3.758591065292096e-05 0.2010490171810308 0.000467139175257732 0.9652276632302405 0.0331078178694158 0.0011597938144329897 3.7585910652920964e-05 0.238506768478577 0.0004183756913065841 0.965863863340963 0.033093780286624186 0.0005863557448996286 3.7624936206636396e-05 0.20085702360740393 0.0004238780148355571 0.9658067751450246 0.03309606571199283 0.0006356601025980037 3.762102554897055e-05 
15.666666666666666 0.2008143482136543 1.0 0.20109092678999999 1.0 0.1986983609784639 0.000467139175257732 0.9652276632302405 0.0331078178694158 0.0011597938144329897 3.7585910652920964e-05 0.2010490171810308 0.000467139175257732 0.9652276632302405 0.0331078178694158 0.0011597938144329897 3.7585910652920964e-05 0.2368388388701846 0.0004134833131181748 0.9659120170562236 0.03309161293051447 0.0005452583697698309 3.762833037397662e-05 0.2008376744627536 0.0004189227697734207 0.9658583287873348 0.033094014798282986 0.0005911090926919861 3.762455191694063e-05 
17.166666666666668 0.2008140962221805 1.0 0.20109092678999999 1.0 0.1986880176025955 0.00046713917525773203 0.9652276632302406 0.03310781786941581 0.0011597938144329897 3.7585910652920964e-05 0.2010490171810308 0.000467139175257732 0.9652276632302405 0.0331078178694158 0.0011597938144329897 3.7585910652920964e-05 0.2388118746896847 0.00040864694362430833 0.9659573330188116 0.033089348425481654 0.0005070399978810391 3.763161420125598e-05 0.20081896675509042 0.00041402413489498275 0.9659068104885893 0.0330918586730313 0.0005496787446470018 3.762795883741693e-05 
18.666666666666668 0.2008140518225317 1.0 0.20109092678999999 1.0 0.19865710540345943 0.000467139175257732 0.9652276632302406 0.03310781786941581 0.0011597938144329897 3.7585910652920964e-05 0.2010490171810308 0.000467139175257732 0.9652276632302405 0.0331078178694158 0.0011597938144329897 3.7585910652920964e-05 0.2372158607085775 0.0004038660378020977 0.9660000065266049 0.03308699349443152 0.000471499145877442 3.7634795283793836e-05 0.2008008556160795 0.0004091815690717823 0.9659524318543765 0.033089604621422034 0.0005111507005900961 3.763125453958493e-05 
20.166666666666668 0.20081404399954603 1.0 0.20109092678999999 1.0 0.19864069123978723 0.00046713917525773203 0.9652276632302407 0.03310781786941581 0.0011597938144329897 3.7585910652920964e-05 0.2010490171810308 0.000467139175257732 0.9652276632302405 0.0331078178694158 0.0011597938144329897 3.7585910652920964e-05 0.23918637739806817 0.0003991400480026125 0.966040219275934 0.033084554391355554 0.0004384484040196316 3.763788068820687e-05 0.20078330047726137 0.0004043945276225412 0.9659953897552462 0.03308725942058231 0.00047532184986907915 3.763444667989353e-05 
21.666666666666668 0.20081404262117727 1.0 0.20109092678999999 1.0 0.19863782701145535 0.000467139175257732 0.9652276632302406 0.03310781786941581 0.0011597938144329897 3.758591065292096e-05 0.2010490171810308 0.000467139175257732 0.9652276632302405 0.0331078178694158 0.0011597938144329897 3.7585910652920964e-05 0.23760975792335828 0.0003944684247076646 0.9660781403075325 0.03308203693399338 0.00040771345677739323 3.7640876989158945e-05 0.2007662624498698 0.0003996624631514566 0.9660358673508581 0.03308482937494943 0.0004420032686591944 3.763754238184123e-05 
23.166666666666668 0.20081404237831607 1.0 0.20109092678999999 1.0 0.19863732726338496 0.00046713917525773203 0.9652276632302406 0.03310781786941581 0.0011597938144329897 3.7585910652920964e-05 0.2010490171810308 0.000467139175257732 0.9652276632302405 0.0331078178694158 0.0011597938144329897 3.7585910652920964e-05 0.23956609410603896 0.00038985061721947113 0.966113926887152 0.03307944653423541 0.00037913217108953963 3.764379030357417e-05 0.20074970652537677 0.0003949848263127995 0.9660740350434811 0.033082320349194075 0.00041101923273897327 3.764054827301891e-05 
24.666666666666668 0.2008140423355253 1.0 0.20109092678999999 1.0 0.19863724006936603 0.00046713917525773203 0.9652276632302406 0.03310781786941581 0.00115979381443299 3.758591065292097e-05 0.2010490171810308 0.000467139175257732 0.9652276632302405 0.0331078178694158 0.0011597938144329897 3.7585910652920964e-05 0.23800633443697095 0.00038528607428862195 0.9661477253252864 0.03307678822642007 0.00035255374768236456 3.7646626322485525e-05 0.2007335989851621 0.0003903610665077585 0.9661100513656414 0.03307973779886643 0.00038220629846484665 3.764347051959611e-05 
26.166666666666668 0.20081404232798564 0.9999999999999999 0.20109092678999999 1.0 0.19863722485615526 0.00046713917525773203 0.9652276632302407 0.03310781786941581 0.0011597938144329897 3.7585910652920964e-05 0.2010490171810308 0.000467139175257732 0.9652276632302405 0.0331078178694158 0.0011597938144329897 3.7585910652920964e-05 0.23994821714595702 0.0003807742446853495 0.9661796717401617 0.03307406669366929 0.0003278379311430566 3.764939034068046e-05 0.2007179096280163 0.0003857906325190086 0.9661440638064016 0.03307708679891991 0.00035541244730101826 3.7646314858424027e-05 
27.666666666666668 0.20081404232665734 1.0 0.20109092678999999 1.0 0.19863722220182575 0.0004671391752577321 0.9652276632302407 0.03310781786941581 0.00115979381443299 3.758591065292097e-05 0.2010490171810308 0.000467139175257732 0.9652276632302405 0.0331078178694158 0.0011597938144329897 3.7585910652920964e-05 0.23840524750226802 0.00037631457771870424 0.96620989276787 0.03307128629239676 0.0003048542747302667 3.7652087284293994e-05 0.20070260920565208 0.00038127297308804655 0.9661762095804591 0.03307437207025793 0.0003304962895680317 3.7649086626918575e-05 
29.166666666666668 0.20081404232642314 1.0 0.20109092678999999 1.0 0.1986372217387109 0.00046713917525773203 0.9652276632302407 0.03310781786941581 0.0011597938144329897 3.758591065292097e-05 0.2010490171810308 0.000467139175257732 0.9652276632302405 0.0331078178694158 0.0011597938144329897 3.7585910652920964e-05 0.2403329381481704 0.00037190652370787343 0.9662385062232696 0.033068451075114275 0.00028348145617198233 3.7654721736489816e-05 0.20068767167348128 0.00037680753743993896 0.9662066163439691 0.03307159800443874 0.0003073263233613595 3.765179079087409e-05 
30.666666666666668 0.20081404232638192 1.0 0.20109092678999999 1.0 0.1986372216579088 0.000467139175257732 0.9652276632302406 0.03310781786941581 0.0011597938144329895 3.758591065292096e-05 0.2010490171810308 0.000467139175257732 0.9652276632302405 0.0331078178694158 0.0011597938144329897 3.7585910652920964e-05 0.2388067872870596 0.00036754953440954586 0.9662656217150242 0.03306556481165311 0.00026360664095187214 3.765729796136026e-05 0.2006730716485018 0.00037239377575975895 0.9662354028607436 0.03306876868666507 0.0002857802448612525 3.765443197035048e-05 
32.166666666666664 0.20081404232637493 1.0 0.20109092678999999 1.0 0.19863722164381084 0.00046713917525773203 0.9652276632302407 0.03310781786941581 0.00115979381443299 3.758591065292097e-05 0.2010490171810308 0.000467139175257732 0.9652276632302405 0.0331078178694158 0.0011597938144329897 3.7585910652920964e-05 0.240720554877833 0.000363243063404915 0.9662913412179391 0.033062631008909465 0.0002451248898202992 3.765981992616784e-05 0.20065878668016335 0.0003680311396246534 0.9662626796222278 0.03306588791717593 0.00026574430650792846 3.7657014463764735e-05 
33.666666666666664 0.20081404232637348 0.9999999999999999 0.20109092678999999 1.0 0.19863722164135103 0.0004671391752577321 0.9652276632302408 0.03310781786941581 0.00115979381443299 3.758591065292097e-05 0.2010490171810308 0.000467139175257732 0.9652276632302405 0.0331078178694158 0.0011597938144329897 3.7585910652920964e-05 0.239211239371152 0.00035898656644962483 0.9663157596055263 0.03305965292921579 0.00022793860748612356 3.7662291322042125e-05 0.20064479472763241 0.0003637190823951612 0.9662885494244307 0.03306295923115103 0.0002471127197529454 3.7659542270311174e-05 
35.166666666666664 0.20081404232637345 1.0 0.20109092678999999 1.0 0.19863722164092196 0.0004671391752577319 0.9652276632302403 0.0331078178694158 0.0011597938144329893 3.758591065292096e-05 0.2010490171810308 0.000467139175257732 0.9652276632302405 0.0331078178694158 0.0011597938144329897 3.7585910652920964e-05 0.24111133781174324 0.00035477950178970213 0.9663389651455432 0.033056633607432835 0.00021195702965113276 3.766471558323842e-05 0.20063107644799444 0.0003594570595691218 0.9663131079047711 0.03305998591722991 0.0002297870993191598 3.766201911082425e-05 
36.666666666666664 0.20081404232637345 1.0 0.20109092678999999 1.0 0.19863722164084702 0.0004671391752577319 0.9652276632302403 0.0331078178694158 0.0011597938144329895 3.758591065292096e-05 0.2010490171810308 0.000467139175257732 0.9652276632302405 0.0331078178694158 0.0011597938144329897 3.7585910652920964e-05 0.23961885928314844 0.00035062133044627295 0.9663610399610568 0.03305357586685071 0.0001970957457412693 3.766709590505738e-05 0.20061761269030473 0.0003552445291012447 0.966336444041601 0.033056971034741645 0.0002136759461089307 3.766444844719231e-05 
38.166666666666664 0.20081404232637332 1.0 0.20109092678999999 1.0 0.1986372216408341 0.000467139175257732 0.9652276632302406 0.03310781786941581 0.0011597938144329895 3.7585910652920964e-05 0.2010490171810308 0.000467139175257732 0.9652276632302405 0.0331078178694158 0.0011597938144329897 3.7585910652920964e-05 0.2415055282666615 0.00034651151647163914 0.9663820604594177 0.03305048233398141 0.0001832762548685649 3.766943526051798e-05 0.20060438679874595 0.0003510809516911635 0.9663586406189804 0.0330539174297341 0.00019869416609400014 3.7666833500421075e-05 
39.666666666666664 0.20081404232637345 1.0 0.20109092678999999 1.0 0.1986372216408316 0.00046713917525773203 0.9652276632302406 0.03310781786941581 0.0011597938144329897 3.7585910652920964e-05 0.2010490171810308 0.000467139175257732 0.9652276632302405 0.0331078178694158 0.0011597938144329897 3.7585910652920964e-05 0.24002987536686338 0.00034244952717908434 0.9664020977313598 0.03304735545231979 0.0001704255527256202 3.767173641587028e-05 0.2005913821212251 0.00034696579104257343 0.9663797746591027 0.033050827749885776 0.00018476262270159088 3.766917726744104e-05 
41.166666666666664 0.20081404232637345 1.0 0.20109092678999999 1.0 0.19863722164083134 0.0004671391752577319 0.9652276632302405 0.0331078178694158 0.0011597938144329897 3.758591065292096e-05 0.2010490171810308 0.000467139175257732 0.9652276632302405 0.0331078178694158 0.0011597938144329897 3.7585910652920964e-05 0.24190334210861156 0.00033843483334858505 0.9664212179222913 0.033044197495144007 0.00015847574727127797 3.7674001945027566e-05 0.2005785843254287 0.00034289851409584495 0.9663999178246093 0.03304770445837761 0.0001718077203804553 3.7671482536744664e-05 
42.666666666666664 0.2008140423263733 1.0 0.20109092678999999 1.0 0.1986372216408313 0.000467139175257732 0.9652276632302406 0.0331078178694158 0.0011597938144329897 3.758591065292096e-05 0.2010490171810308 0.000467139175257732 0.9652276632302405 0.0331078178694158 0.0011597938144329897 3.7585910652920964e-05 0.24044449242796376 0.00033446690941043477 0.9664394825777116 0.03304101057742254 0.0001473637012125599 3.7676234242993434e-05 0.20056597892002792 0.0003388785912363112 0.966419136792875 0.03304454984679695 0.0001597610171886363 3.7673751902935215e-05 
44.166666666666664 0.20081404232637345 1.0 0.20109092678999999 1.0 0.1986372216408313 0.000467139175257732 0.9652276632302406 0.0331078178694158 0.0011597938144329897 3.758591065292096e-05 0.2010490171810308 0.000467139175257732 0.9652276632302405 0.0331078178694158 0.0011597938144329897 3.7585910652920964e-05 0.24230497321716557 0.00033054523360862107 0.9664569489645386 0.03303779666688971 0.00013703069942457577 3.767843553835301e-05 0.20055355358185226 0.00033490549648025234 0.9664374936042065 0.033041366047140634 0.00014855886439222533 3.767598778026174e-05 
45.666666666666664 0.20081404232637332 1.0 0.20109092678999999 1.0 0.1986372216408313 0.000467139175257732 0.9652276632302406 0.0331078178694158 0.0011597938144329897 3.758591065292096e-05 0.2010490171810308 0.000467139175257732 0.9652276632302405 0.0331078178694158 0.0011597938144329897 3.7585910652920964e-05 0.24086289495094776 0.0003266692881456498 0.9664736703700245 0.03303455759434732 0.00012742213957762065 3.768060790489337e-05 0.2005412956880282 0.00033097870764043464 0.9664550459857624 0.03303815504297993 0.0001381420712021132 3.7678192415211125e-05 
47.166666666666664 0.20081404232637332 1.0 0.20109092678999999 1.0 0.1986372216408313 0.000467139175257732 0.9652276632302406 0.0331078178694158 0.0011597938144329897 3.758591065292096e-05 0.2010490171810308 0.000467139175257732 0.9652276632302405 0.0331078178694158 0.0011597938144329897 3.7585910652920964e-05 0.2427105965016055 0.0003228385593103735 0.9664896963798113 0.03303129506324633 0.00011848724435961709 3.7682753272413415e-05 0.2005291946527334 0.00032709770647291764 0.9664718476528793 0.03303491867984542 0.00012845559290421152 3.768036789822198e-05 
48.666666666666664 0.2008140423263733 1.0 0.20109092678999999 1.0 0.1986372216408313 0.000467139175257732 0.9652276632302406 0.0331078178694158 0.0011597938144329897 3.758591065292096e-05 0.2010490171810308 0.000467139175257732 0.9652276632302405 0.0331078178694158 0.0011597938144329897 3.7585910652920964e-05 0.24128524989190012 0.00031905253759025905 0.966505073136581 0.03302801065859889 0.0001101787937929886 3.7684873436779866e-05 0.20051723946882002 0.0003232619788066986 0.9664879485893739 0.03303165867488629 0.00011944824075849508 3.768251617458206e-05 
50.166666666666664 0.20081404232637332 1.0 0.20109092678999999 1.0 0.1986372216408313 0.000467139175257732 0.9652276632302406 0.0331078178694158 0.0011597938144329897 3.758591065292096e-05 0.2010490171810308 0.000467139175257732 0.9652276632302405 0.0331078178694158 0.0011597938144329897 3.7585910652920964e-05 0.24312037051705165 0.000315310717769406 0.9665198435806457 0.033024705855267004 0.00010245287624848083 3.768697006928133e-05 0.20050542105281974 0.00031947101465764174 0.9665033953082796 0.033028376625854186 0.00011107241215400023 3.7684639054565065e-05 
51.666666666666664 0.20081404232637345 1.0 0.20109092678999999 1.0 0.1986372216408313 0.000467139175257732 0.9652276632302406 0.0331078178694158 0.0011597938144329897 3.758591065292096e-05 0.2010490171810308 0.000467139175257732 0.9652276632302405 0.0331078178694158 0.0011597938144329897 3.7585910652920964e-05 0.24171170910046363 0.00031161259901352873 0.9665340476737347 0.03302138202567149 9.526865685487564e-05 3.76890447253295e-05 0.2004937297948004 0.00031572430832801777 0.966518231094379 0.03302507401945912 0.00010328383961116374 3.768673822286042e-05 
53.166666666666664 0.20081404232637345 1.0 0.20109092678999999 1.0 0.1986372216408313 0.000467139175257732 0.9652276632302406 0.0331078178694158 0.0011597938144329897 3.758591065292096e-05 0.2010490171810308 0.000467139175257732 0.9652276632302405 0.0331078178694158 0.0011597938144329897 3.7585910652920964e-05 0.24353443973276573 0.0003079576849430121 0.9665477226071495 0.0330180404469616 8.858816209341708e-05 3.7691098852552936e-05 0.20048215791047153 0.00031202135849287823 0.9665324962297991 0.033021752239140646 9.604135732005962e-05 3.7688815247344556e-05 
54.666666666666664 0.20081404232637345 1.0 0.20109092678999999 1.0 0.1986372216408313 0.000467139175257732 0.9652276632302406 0.0331078178694158 0.0011597938144329897 3.758591065292096e-05 0.2010490171810308 0.000467139175257732 0.9652276632302405 0.0331078178694158 0.0011597938144329897 3.7585910652920964e-05 0.24214241141980794 0.0003043454836950636 0.9665609029953742 0.033014682307682876 8.23760794495263e-05 3.769313379832546e-05 0.2004706969981916 0.00030836166827438434 0.9665462282038491 0.03301841257229561 8.930668399368118e-05 3.769087158724022e-05 
56.166666666666664 0.20081404232637332 1.0 0.20109092678999999 1.0 0.1986372216408313 0.000467139175257732 0.9652276632302406 0.0331078178694158 0.0011597938144329897 3.758591065292096e-05 0.2010490171810308 0.000467139175257732 0.9652276632302405 0.0331078178694158 0.0011597938144329897 3.7585910652920964e-05 0.2439529364985581 0.00030077550797589966 0.9665736210561565 0.03301130871397846 7.659957107242442e-05 3.769515081676895e-05 0.20045934039718022 0.00030474474530512276 0.9665594619081943 0.03301505621699995 8.304422089982413e-05 3.7692908600705536e-05 
57.666666666666664 0.20081404232637345 1.0 0.20109092678999999 1.0 0.1986372216408313 0.000467139175257732 0.9652276632302406 0.0331078178694158 0.0011597938144329897 3.758591065292096e-05 0.2010490171810308 0.000467139175257732 0.9652276632302405 0.0331078178694158 0.0011597938144329897 3.7585910652920964e-05 0.242577484507158 0.00029724727510382866 0.9665859067779989 0.033007920695356005 7.12281004659897e-05 3.769715107526657e-05 0.20044808075074047 0.0003011701017813552 0.9665722298183929 0.03301168428826016 7.722086401379234e-05 3.7694927551893415e-05 
59.166666666666664 0.20081404232637332 1.0 0.20109092678999999 1.0 0.1986372216408313 0.000467139175257732 0.9652276632302406 0.0331078178694158 0.0011597938144329897 3.758591065292096e-05 0.2010490171810308 0.000467139175257732 0.9652276632302405 0.0331078178694158 0.0011597938144329897 3.7585910652920964e-05 0.24437598274928196 0.00029376030704402275 0.9665977880759424 0.03300451921005101 6.623327130190373e-05 3.7699135660521234e-05 0.2004369123697181 0.00029763725450707287 0.9665845621627411 0.03300829782382692 7.180582930742305e-05 3.769692961751741e-05 
60.666666666666664 0.20081404232637332 1.0 0.20109092678999999 1.0 0.1986372216408313 0.000467139175257732 0.9652276632302406 0.0331078178694158 0.0011597938144329897 3.758591065292096e-05 0.2010490171810308 0.000467139175257732 0.9652276632302405 0.0331078178694158 0.0011597938144329897 3.7585910652920964e-05 0.24301704641191896 0.0002903141304357077 0.9666092909364563 0.033001105150014504 6.158867750922131e-05 3.770110558419044e-05 0.20042582880112933 0.0002941457249296542 0.9665964870793171 0.03300489778960199 6.677049025819916e-05 3.7698915892959216e-05 
62.166666666666664 0.2008140423263733 1.0 0.20109092678999999 1.0 0.1986372216408313 0.000467139175257732 0.9652276632302406 0.0331078178694158 0.0011597938144329897 3.758591065292096e-05 0.2010490171810308 0.000467139175257732 0.9652276632302405 0.0331078178694158 0.0011597938144329897 3.7585910652920964e-05 0.24480369148218484 0.000286908276612436 0.9666204395521948 0.032997679345551326 5.7269763853245674e-05 3.770306178812732e-05 0.20041482519612483 0.00029069503916786366 0.9666080307620424 0.03300148508466605 6.208822672579075e-05 3.770088739794886e-05 
63.666666666666664 0.20081404232637332 1.0 0.20109092678999999 1.0 0.1986372216408313 0.000467139175257732 0.9652276632302406 0.0331078178694158 0.0011597938144329897 3.758591065292096e-05 0.2010490171810308 0.000467139175257732 0.9652276632302405 0.0331078178694158 0.0011597938144329897 3.7585910652920964e-05 0.24346120694357684 0.000283542281616061 0.96663125644733 0.032994242569633556 5.325369627129524e-05 3.770500514925534e-05 0.20040389588332252 0.0002872847280328616 0.9666192175965278 0.032998060545954805 5.7734284402588495e-05 3.7702845081848405e-05 
65.16666666666667 0.20081404232637345 1.0 0.20109092678999999 1.0 0.1986372216408313 0.000467139175257732 0.9652276632302406 0.0331078178694158 0.0011597938144329897 3.758591065292096e-05 0.2010490171810308 0.000467139175257732 0.9652276632302405 0.0331078178694158 0.0011597938144329897 3.7585910652920964e-05 0.2452361680373172 0.0002802156862049722 0.9666417625941153 0.03299079554191178 4.951924128388116e-05 3.7706936484102174e-05 0.20039303674063474 0.00028391432704284974 0.9666300702864216 0.032994624952607195 5.368564409992417e-05 3.7704789828565733e-05 
66.66666666666667 0.20081404232637345 1.0 0.20109092678999999 1.0 0.1986372216408313 0.000467139175257732 0.9652276632302406 0.0331078178694158 0.0011597938144329897 3.758591065292096e-05 0.2010490171810308 0.000467139175257732 0.9652276632302405 0.0331078178694158 0.0011597938144329897 3.7585910652920964e-05 0.2439100688573463 0.0002769280358571116 0.9666519775212973 0.03298733893244523 4.6046653847236613e-05 3.770885655301649e-05 0.20038224277270109 0.0002805833764319178 0.9666406099709146 0.032991179030009296 4.9920900183019824e-05 3.770672246112535e-05 
68.16666666666667 0.20081404232637345 1.0 0.20109092678999999 1.0 0.1986372216408313 0.000467139175257732 0.9652276632302406 0.0331078178694158 0.0011597938144329897 3.758591065292096e-05 0.2010490171810308 0.000467139175257732 0.9652276632302405 0.0331078178694158 0.0011597938144329897 3.7585910652920964e-05 0.24567351120723382 0.000273678880768246 0.9666619194149397 0.03298387336517062 4.281757305728205e-05 3.7710766064090015e-05 0.1998514709140318 0.00027729142115361587 0.9666508563340305 0.03298772345355449 4.6420147515500127e-05 3.7708643745919146e-05 
69.66666666666667 0.20081404232637345 1.0 0.20109092678999999 1.0 0.1986372216408313 0.000467139175257732 0.9652276632302406 0.0331078178694158 0.0011597938144329897 3.758591065292096e-05 0.2010490171810308 0.000467139175257732 0.9652276632302405 0.0331078178694158 0.0011597938144329897 3.7585910652920964e-05 0.24436372888183655 0.0002704677758459292 0.9666716052121933 0.032980399421127786 3.9814925156203764e-05 3.7712665676805156e-05 0.0005200149375378386 0.0002743976113492604 0.9666597328145876 0.032984644234962675 4.3514996494257394e-05 3.771034260619837e-05 
71.16666666666667 0.2008140423263733 1.0 0.20109092678999999 1.0 0.1986372216408313 0.000467139175257732 0.9652276632302406 0.0331078178694158 0.0011597938144329897 3.758591065292096e-05 0.2010490171810308 0.000467139175257732 0.9652276632302405 0.0331078178694158 0.0011597938144329897 3.7585910652920964e-05 0.24611581419875467 0.00026729428069955806 0.9666810506885045 0.03297691764145939 3.7022833331070685e-05 3.771455600542757e-05 0.1992800555215342 0.0002740380108797304 0.966660827706264 0.03298425885214068 4.316487631880525e-05 3.771055439666021e-05 
72.66666666666667 0.20081404232637332 1.0 0.20109092678999999 1.0 0.1986372216408313 0.000467139175257732 0.9652276632302406 0.0331078178694158 0.0011597938144329897 3.758591065292096e-05 0.2010490171810308 0.000467139175257732 0.9652276632302405 0.0331078178694158 0.0011597938144329897 3.7585910652920964e-05 0.24482227860981445 0.000264157959626887 0.9666902705387213 0.032973428530200306 3.442653382951179e-05 3.771643762216147e-05 0.0010807290103354412 0.0002711780890581797 0.9666694741192484 0.032981172104298816 4.046344303068777e-05 3.7712244363922984e-05 
74.16666666666667 0.20081404232637345 1.0 0.20109092678999999 1.0 0.1986372216408313 0.000467139175257732 0.9652276632302406 0.0331078178694158 0.0011597938144329897 3.758591065292096e-05 0.2010490171810308 0.000467139175257732 0.9652276632302405 0.0331078178694158 0.0011597938144329897 3.7585910652920964e-05 0.24638627162141682 0.000261058381597339 0.9666992784525203 0.0329699325568715 3.2012297950606676e-05 3.771831106008416e-05 0.19870875375909872 0.0002708226999947066 0.9666705411591123 0.03298078581142189 4.0137874393256895e-05 3.771245507805991e-05 
75.66666666666667 0.20081404232637332 1.0 0.20109092678999999 1.0 0.1986372216408313 0.000467139175257732 0.9652276632302406 0.0331078178694158 0.0011597938144329897 3.758591065292096e-05 0.2010490171810308 0.000467139175257732 0.9652276632302405 0.0331078178694158 0.0011597938144329897 3.7585910652920964e-05 0.24252732717397202 0.00025799512023242277 0.9667080871845599 0.03296643015889211 2.9767359499971883e-05 3.7720176815875355e-05 0.0016413840162332516 0.000267996274001929 0.9666789716934611 0.032977692021057395 3.762587477479855e-05 3.771413670479388e-05 
77.16666666666667 0.20081404232637345 1.0 0.20109092678999999 1.0 0.1986372216408313 0.000467139175257732 0.9652276632302406 0.0331078178694158 0.0011597938144329897 3.758591065292096e-05 0.2010490171810308 0.000467139175257732 0.9652276632302405 0.0331078178694158 0.0011597938144329897 3.7585910652920964e-05 0.24841185585837042 0.00025496775378353834 0.9667167086197149 0.03296292174382235 2.7679847326714578e-05 3.772203535235544e-05 0.19813756130872398 0.0002676450475861183 0.9666800125929863 0.03297730487683235 3.7323136186089466e-05 3.7714346409248026e-05 
78.66666666666667 0.2008140423263733 1.0 0.20109092678999999 1.0 0.1986372216408313 0.000467139175257732 0.9652276632302406 0.0331078178694158 0.0011597938144329897 3.758591065292096e-05 0.2010490171810308 0.000467139175257732 0.9652276632302405 0.0331078178694158 0.0011597938144329897 3.7585910652920964e-05 0.24324953181934877 0.0002519758651074343 0.9667251538337556 0.03295940769144941 2.573872258662169e-05 3.772388710084639e-05 0.00220198035400833 0.0002648517294377404 0.9666882404654944 0.032974204497288585 3.4987287569171386e-05 3.7716020210101085e-05 
79.83333333333333 0.20081404232637332 1.0 0.20109092678999999 1.0 0.1986372216408313 0.000467139175257732 0.9652276632302406 0.0331078178694158 0.0011597938144329897 3.758591065292096e-05 0.2010490171810308 0.000467139175257732 0.9652276632302405 0.0331078178694158 0.0011597938144329897 3.7585910652920964e-05 0.24118079785641008 0.00024967310416072356 0.9667316071353075 0.032956670869660615 2.432356795610771e-05 3.772532291507938e-05 0.1975664753018099 0.00026450461743155975 0.9666892568189756 0.03297381655639844 3.4705778227636536e-05 3.7716228966953385e-05 
80.0 0.20081404232637318 1.0 0.20109092678999999 1.0 0.1986372216408313 0.000467139175257732 0.9652276632302406 0.0331078178694158 0.0011597938144329897 3.758591065292096e-05 0.2010490171810308 0.000467139175257732 0.9652276632302405 0.0331078178694158 0.0011597938144329897 3.7585910652920964e-05 0.24647335929890585 0.0002493458586906764 0.9667325211132626 0.03295627964347827 2.412785684184846e-05 3.772552772656567e-05 0.002762518380807889 0.0002617440232984832 0.9666972943421546 0.03297071000996851 3.253372915697411e-05 3.7717895421373975e-05 
80.16666666666667 0.2008140423263733 1.0 0.20109092678999999 1.0 0.1986372216408313 0.000467139175257732 0.9652276632302406 0.0331078178694158 0.0011597938144329897 3.758591065292096e-05 0.2010490171810308 0.000467139175257732 0.9652276632302405 0.0331078178694158 0.0011597938144329897 3.7585910652920964e-05 0.23388595898509174 0.00024901904163955103 0.9667334331497694 0.032955888355726826 2.3933720400790135e-05 3.7725732463367244e-05 0.19699549192611346 0.00026140097798229634 0.9666982876348853 0.03297032132335373 3.2271960490262395e-05 3.77181032884624e-05 
81.66666666666667 0.20081404232637318 1.0 0.20109092678999999 1.0 0.1986372216408313 0.000467139175257732 0.9652276632302406 0.0331078178694158 0.0011597938144329897 3.758591065292096e-05 0.2010490171810308 0.000467139175257732 0.9652276632302405 0.0331078178694158 0.0011597938144329897 3.7585910652920964e-05 0.2395731672400528 0.00024609687536547234 0.9667415561906396 0.032952364066578164 2.2255295602016046e-05 3.7727571814676175e-05 0.003322998437871108 0.0002586727281736996 0.966706146280076 0.032967209003450404 3.0252225456799596e-05 3.771976284315468e-05 
83.16666666666667 0.20081404232637318 1.0 0.20109092678999999 1.0 0.1986372216408313 0.000467139175257732 0.9652276632302406 0.0331078178694158 0.0011597938144329897 3.758591065292096e-05 0.2010490171810308 0.000467139175257732 0.9652276632302405 0.0331078178694158 0.0011597938144329897 3.7585910652920964e-05 0.2365421728616215 0.00024320896279068409 0.9667495319278485 0.03294883513157406 2.069457228276152e-05 3.7729405504169635e-05 0.19642460877580842 0.00025833370234398855 0.9667071178959554 0.032966819618570384 3.000881325570239e-05 3.7719969874370116e-05 
84.66666666666667 0.20081404232637332 1.0 0.20109092678999999 1.0 0.1986372216408313 0.000467139175257732 0.9652276632302406 0.0331078178694158 0.0011597938144329897 3.758591065292096e-05 0.2010490171810308 0.000467139175257732 0.9652276632302405 0.0331078178694158 0.0011597938144329897 3.7585910652920964e-05 0.23677672535128044 0.00024035490490882425 0.9667573687268632 0.03294530183749185 1.924329687852193e-05 3.773123385764861e-05 0.0038834208233258444 0.00025563742128796704 0.9667148083520203 0.032963701891744246 2.813071200195962e-05 3.7721622945577867e-05 
86.16666666666667 0.20081404232637318 1.0 0.20109092678999999 1.0 0.1986372216408313 0.000467139175257732 0.9652276632302406 0.0331078178694158 0.0011597938144329897 3.758591065292096e-05 0.2010490171810308 0.000467139175257732 0.9652276632302405 0.0331078178694158 0.0011597938144329897 3.7585910652920964e-05 0.23629790679673598 0.00023753430716859207 0.9667650743893478 0.03294176445176573 1.789379453902697e-05 3.773305717896131e-05 0.1958538224747202 0.00025530236825477585 0.9667157595806279 0.032963311852820636 2.7904369105399103e-05 3.772182919113952e-05 
87.66666666666667 0.14400903274202226 1.0 0.20109092678999999 1.0 0.1986372216408313 0.000467139175257732 0.9652276632302406 0.0331078178694158 0.0011597938144329897 3.758591065292096e-05 0.2010490171810308 0.000467139175257732 0.9652276632302405 0.0331078178694158 0.0011597938144329897 3.7585910652920964e-05 0.2370175319321538 0.00023474677943947106 0.9667726561924166 0.032938223223835356 1.6638928557020478e-05 3.773487575153097e-05 0.004443785830885518 0.0002526376844768562 0.9667232918085374 0.032960189060636344 2.615797018283275e-05 3.772347616676974e-05 
89.16666666666667 0.13987011432770177 1.0 0.20109092678999999 1.0 0.1671188831061718 0.00046713917525773203 0.9652276632302407 0.03310781786941581 0.0011597938144329897 3.7585910652920964e-05 0.2010490171810308 0.000467139175257732 0.9652276632302405 0.0331078178694158 0.0011597938144329897 3.7585910652920964e-05 0.18992998539384 0.00023199193597640708 0.9667801209251434 0.03293467838639988 1.5472062640469885e-05 3.773668983977674e-05 0.19528313101514647 0.0002523065580609807 0.9667242238517111 0.03295979840887907 2.594749967532803e-05 3.772368167348089e-05 
90.66666666666667 0.19052520780485424 1.0 0.20109092678999999 1.0 0.1940579180621126 0.0004671391752577321 0.9652276632302407 0.03310781786941581 0.00115979381443299 3.758591065292097e-05 0.2010490171810308 0.000467139175257732 0.9652276632302405 0.0331078178694158 0.0011597938144329897 3.7585910652920964e-05 0.22937843163084293 0.00022926939538357 0.966787474922513 0.032931130156584026 1.4387025829036607e-05 3.773849969043515e-05 0.005004093708828837 0.0002496731041607241 0.9667316071353075 0.0329566708696606 2.4323567956107777e-05 3.772532291507944e-05 
92.16666666666667 0.1985928970489668 1.0 0.20109092678999999 1.0 0.14771751876241537 0.00046713917525773203 0.9652276632302405 0.0331078178694158 0.0011597938144329897 3.758591065292096e-05 0.2010490171810308 0.000467139175257732 0.9652276632302405 0.0331078178694158 0.0011597938144329897 3.7585910652920964e-05 0.19114655318309767 0.00022657878057731753 0.9667947240969967 0.0329275787370225 1.3378079869574907e-05 3.774030553378916e-05 0.19471308812508198 0.00024950942783850055 0.9667320643677692 0.03295647526429309 2.422551476901365e-05 3.772542533018944e-05 
93.66666666666667 0.20029855233760321 1.0 0.20109092678999999 1.0 0.19212162411496403 0.000467139175257732 0.9652276632302406 0.03310781786941581 0.0011597938144329897 3.7585910652920964e-05 0.2010490171810308 0.000467139175257732 0.9652276632302405 0.0331078178694158 0.0011597938144329897 3.7585910652920964e-05 0.2328763489700706 0.0002239197187484704 0.96680187396792 0.03292402431686834 1.2439888878388994e-05 3.774210758481125e-05 0.005564344711738077 0.0002467432713165684 0.9667397641064728 0.03295314765393128 2.2617804708246402e-05 3.7727163571154065e-05 
95.16666666666667 0.2006745250089222 1.0 0.20109092678999999 1.0 0.1971151265220199 0.000467139175257732 0.9652276632302406 0.0331078178694158 0.0011597938144329897 3.7585910652920964e-05 0.2010490171810308 0.000467139175257732 0.9652276632302405 0.0331078178694158 0.0011597938144329897 3.7585910652920964e-05 0.23962708116684717 0.00022129184132399542 0.9668089296887712 0.032920467072730664 1.1567491130035381e-05 3.77439060442265e-05 0.194142575346206 0.00024658151350758666 0.9667402128144647 0.032952951778772596 2.2526627596632094e-05 3.7727265658441005e-05 
96.66666666666667 0.20075812532800485 1.0 0.20109092678999999 1.0 0.19837384285995763 0.0004671391752577321 0.9652276632302408 0.033107817869415815 0.00115979381443299 3.7585910652920964e-05 0.2010490171810308 0.000467139175257732 0.9652276632302405 0.0331078178694158 0.0011597938144329897 3.7585910652920964e-05 0.20340824236485605 0.00021869478392818936 0.9668158960726021 0.03291690716954656 1.0756272823672518e-05 3.774570109950136e-05 0.006124539045728575 0.00024384778144814577 0.966747771834232 0.03294961972584761 2.1031659982339842e-05 3.77289984898689e-05 
98.16666666666667 0.2007767501533796 1.0 0.20109092678999999 1.0 0.19845696592573434 0.0004671391752577319 0.9652276632302405 0.0331078178694158 0.0011597938144329897 3.758591065292096e-05 0.2010490171810308 0.000467139175257732 0.9652276632302405 0.0331078178694158 0.0011597938144329897 3.7585910652920964e-05 0.23871859205793072 0.0002161281863434446 0.9668227776156505 0.03291334476139206 1.0001943688390745e-05 3.774749292576323e-05 0.1935721501755218 0.00024368791981249684 0.9667482125055213 0.03294942359761963 2.0946876778367038e-05 3.772910026832907e-05 
99.66666666666667 0.20078090123738196 1.0 0.20109092678999999 1.0 0.19860580220507898 0.00046713917525773203 0.9652276632302407 0.03310781786941581 0.0011597938144329897 3.7585910652920964e-05 0.2010490171810308 0.000467139175257732 0.9652276632302405 0.0331078178694158 0.0011597938144329897 3.7585910652920964e-05 0.24684961879548162 0.00021359169247067242 0.966829578519308 0.03290977999223609 9.300514298657658e-06 3.774928168665573e-05 0.006684676933284073 0.00024098623455454224 0.9667556388149671 0.03294608737667857 1.9556745797860443e-05 3.7730828002122134e-05 
