Time 1.1-W-Pu-Total 1.1-W-Pu9 1.1-M-Pu-Total 1.1-M-Pu9 1.2-W-Pu-Total 1.2-W-Pu8 1.2-W-Pu9 1.2-W-Pu10 1.2-W-Pu11 1.2-W-Pu12 1.2-M-Pu-Total 1.2-M-Pu8 1.2-M-Pu9 1.2-M-Pu10 1.2-M-Pu11 1.2-M-Pu12 1.3-W-Pu-Total 1.3-W-Pu8 1.3-W-Pu9 1.3-W-Pu10 1.3-W-Pu11 1.3-W-Pu12 1.3-M-Pu-Total 1.3-M-Pu8 1.3-M-Pu9 1.3-M-Pu10 1.3-M-Pu11 1.3-M-Pu12 
0.16666666666666666 0.4245333333333333 1.0 0.35377777777777775 1.0 0.4245333333333334 0.019095477386934675 0.42490577889447234 0.28569409547738694 0.16300251256281406 0.10730213567839195 0.35377777777777775 0.019095477386934675 0.42490577889447234 0.28569409547738694 0.16300251256281406 0.10730213567839196 0.24960328642447105 0.021342540852355082 0.4456275522657958 0.302759882934559 0.11804559461898932 0.11222442932830091 0.3370617469861817 0.020029290476308467 0.445977232749963 0.2998599970988016 0.12150988358781915 0.11262359608710794 
0.3333333333333333 0.34972286293124544 1.0 0.34963816031999995 1.0 0.35038422907015176 0.019095477386934675 0.4249057788944723 0.28569409547738694 0.16300251256281406 0.10730213567839196 0.34963816031999995 0.019095477386934675 0.42490577889447234 0.285694095477387 0.1630025125628141 0.10730213567839196 0.32331581397025827 0.021356227750116537 0.4447443433765805 0.30216757509450626 0.11973085132783337 0.1120010024509633 0.33311772681358204 0.02002929047630846 0.4459772327499628 0.2998599970988015 0.12150988358781913 0.1126235960871079 
0.5 0.34972286293124544 1.0 0.34963816031999995 1.0 0.35038422907015176 0.019095477386934675 0.4249057788944723 0.28569409547738694 0.16300251256281406 0.10730213567839196 0.34963816031999995 0.019095477386934675 0.42490577889447234 0.285694095477387 0.1630025125628141 0.10730213567839196 0.3221485778830615 0.02130427645026968 0.44756730802524747 0.3040593725784359 0.11435373193881943 0.11271531100722755 0.3332873053979999 0.02003228888669237 0.4457513755724688 0.29971005897664005 0.12193996902902705 0.11256630753517183 
0.6666666666666666 0.34972286293124544 1.0 0.34963816031999995 1.0 0.35038422907015176 0.019095477386934675 0.4249057788944723 0.28569409547738694 0.16300251256281406 0.10730213567839196 0.34963816031999995 0.019095477386934675 0.42490577889447234 0.285694095477387 0.1630025125628141 0.10730213567839196 0.3227839827519432 0.021337256279011247 0.4458954456868678 0.3029393512643471 0.11753572335365102 0.11229222341612277 0.33311373486371065 0.020029218330412317 0.4459825521614328 0.29986352818937906 0.1214997559305775 0.11262494538819817 
2.1666666666666665 0.34972286293124544 1.0 0.34963816031999995 1.0 0.35038422907015176 0.019095477386934675 0.4249057788944723 0.28569409547738694 0.16300251256281406 0.10730213567839196 0.34963816031999995 0.019095477386934675 0.42490577889447234 0.285694095477387 0.1630025125628141 0.10730213567839196 0.3219295124237145 0.021299351926028193 0.44781694930380883 0.3042266133532571 0.11387859927572011 0.11277848614118577 0.33311373486371065 0.020029218330412317 0.4459825521614328 0.29986352818937906 0.1214997559305775 0.11262494538819817 
3.6666666666666665 0.34972286293124544 1.0 0.34963816031999995 1.0 0.35038422907015176 0.019095477386934675 0.4249057788944723 0.28569409547738694 0.16300251256281406 0.10730213567839196 0.34963816031999995 0.019095477386934675 0.42490577889447234 0.285694095477387 0.1630025125628141 0.10730213567839196 0.32247955556509184 0.021332100144411337 0.4461568281008508 0.3031144577118507 0.11703824423818306 0.11235836980470419 0.3303269296944045 0.019972994419278738 0.44972692972885997 0.302348135184313 0.11437708512913189 0.11357485553841634 
5.166666666666667 0.34972286293124544 1.0 0.34963816031999995 1.0 0.35038422907015176 0.019095477386934675 0.4249057788944723 0.28569409547738694 0.16300251256281406 0.10730213567839196 0.34963816031999995 0.019095477386934675 0.42490577889447234 0.285694095477387 0.1630025125628141 0.10730213567839196 0.3216109830075327 0.02129438830155439 0.4480685727092739 0.3043951820031842 0.11339969410656812 0.11284216287941946 0.3332873053979999 0.02003228888669237 0.4457513755724688 0.29971005897664005 0.12193996902902705 0.11256630753517183 
6.666666666666667 0.34972286293124544 1.0 0.34963816031999995 1.0 0.35038422907015176 0.019095477386934675 0.4249057788944723 0.28569409547738694 0.16300251256281406 0.10730213567839196 0.34963816031999995 0.019095477386934675 0.42490577889447234 0.285694095477387 0.1630025125628141 0.10730213567839196 0.32215125809339634 0.021326881453892988 0.44642138169212797 0.30329168860828715 0.11653472954269505 0.11242531870299696 0.3332873053979999 0.02003228888669237 0.4457513755724688 0.29971005897664005 0.12193996902902705 0.11256630753517183 
8.166666666666666 0.34972286293124544 1.0 0.34963816031999995 1.0 0.35038422907015176 0.019095477386934675 0.4249057788944723 0.28569409547738694 0.16300251256281406 0.10730213567839196 0.34963816031999995 0.019095477386934675 0.42490577889447234 0.285694095477387 0.1630025125628141 0.10730213567839196 0.32128537535564583 0.021289351426953325 0.4483239094187108 0.3045662382859136 0.11291372154850032 0.112906779319922 0.3332873053979999 0.02003228888669237 0.4457513755724688 0.29971005897664005 0.12193996902902705 0.11256630753517183 
9.666666666666666 0.349729723117891 1.0 0.34963816031999995 1.0 0.35038422907015176 0.019095477386934675 0.4249057788944723 0.28569409547738694 0.16300251256281406 0.10730213567839196 0.34963816031999995 0.019095477386934675 0.42490577889447234 0.285694095477387 0.1630025125628141 0.10730213567839196 0.32181968374052755 0.021321590272657186 0.44668961009024943 0.3034713813473622 0.1160242207283965 0.11249319756133472 0.03035306826849368 0.019641657532327814 0.46349827158118195 0.3114638610032252 0.0883247634770782 0.11707144640618683 
11.166666666666666 0.34973996265046525 1.0 0.34965729959272723 1.0 0.35038422907015176 0.019095477386934675 0.4249057788944723 0.28569409547738694 0.16300251256281406 0.10730213567839196 0.34988009549494953 0.019088615224036785 0.42493786662630634 0.28567184137698237 0.16302097370338253 0.10728070306929204 0.3209571684406492 0.0212842393894993 0.44858305639484375 0.30473984715913693 0.11242049705608559 0.1129723600004345 0.3040358423994295 0.02135285981872815 0.4449661194776955 0.30231631658701535 0.11930760006635832 0.11205710405020274 
12.666666666666666 0.34974858956601373 1.0 0.34965729959272723 1.0 0.3505240947062997 0.019091517576521562 0.42492429511691415 0.2856812537509768 0.16301316556213052 0.10728976799345694 0.34988009549494953 0.019088615224036785 0.42493786662630634 0.28567184137698237 0.16302097370338253 0.10728070306929204 0.3214856417469763 0.021316225824660712 0.4469615526355482 0.30365356228412366 0.11550664292034164 0.1125620163353259 0.03082461673563128 0.021342540852355076 0.44562755226579587 0.3027598829345589 0.1180455946189893 0.11222442932830091 
14.166666666666666 0.3497513641994758 0.9999999999999999 0.34965729959272723 1.0 0.35061281893883683 0.019090065286205275 0.42493108608106184 0.28567654395102077 0.16301707262992737 0.10728523205178493 0.34988009549494953 0.019088615224036785 0.42493786662630634 0.28567184137698237 0.16302097370338253 0.10728070306929204 0.32062638249526626 0.02127905173235549 0.4488460367963223 0.30491602413739766 0.11191997655235475 0.11303891078156951 0.3049758064240149 0.021352859818728153 0.4449661194776955 0.30231631658701535 0.11930760006635835 0.11205710405020276 
15.666666666666666 0.34975185310564894 1.0 0.34965729959272723 1.0 0.3506330836185576 0.019090065202313284 0.4249310864733438 0.28567654367895773 0.16301707285562034 0.10728523178976487 0.34988009549494953 0.019088615224036785 0.42493786662630634 0.28567184137698237 0.16302097370338253 0.10728070306929204 0.3211489830035195 0.021310787660078923 0.4472372321312013 0.30383824669497533 0.11498195271811855 0.11263178079562586 0.029886054571211622 0.021342540852355076 0.4456275522657958 0.3027598829345589 0.11804559461898928 0.1122244293283009 
17.166666666666668 0.34975193924927256 1.0 0.34965729959272723 1.0 0.3506738495572964 0.019089012257472233 0.42493601008302745 0.28567312896255387 0.1630199055722157 0.10728194312473058 0.34988009549494953 0.019088615224036785 0.42493786662630634 0.28567184137698237 0.16302097370338253 0.10728070306929204 0.32029284201304925 0.021273787963377228 0.4491128755716737 0.3050947859343219 0.11141211255373479 0.11310643797689238 0.3059157704486003 0.021352859818728153 0.44496611947769554 0.30231631658701535 0.11930760006635834 0.11205710405020275 
18.666666666666668 0.34975195442735213 1.0 0.34965729959272723 1.0 0.35069851811505587 0.0190886137307209 0.42493787360910756 0.28567183653413586 0.1630209777208205 0.10728069840521512 0.34988009549494953 0.019088615224036785 0.42493786662630634 0.28567184137698237 0.16302097370338253 0.10728070306929204 0.320809532104017 0.0213052752443187 0.4475166756775953 0.30402545273512643 0.11445009854260234 0.11270249780035735 0.028947492406791953 0.021342540852355072 0.4456275522657958 0.30275988293455885 0.11804559461898928 0.1122244293283009 
20.166666666666668 0.34975195710165036 1.0 0.34965729959272723 1.0 0.3507041340655182 0.019088613730720898 0.4249378736091075 0.2856718365341359 0.16302097772082053 0.1072806984052151 0.34988009549494953 0.019088615224036785 0.42493786662630634 0.28567184137698237 0.16302097370338253 0.10728070306929204 0.3199563802645877 0.021268447496856076 0.4493836024124968 0.30527615244103556 0.11089684854934402 0.1131749491002677 0.30685573447318576 0.021352859818728146 0.4449661194776954 0.3023163165870153 0.11930760006635831 0.11205710405020274 
21.666666666666668 0.34975195757284755 1.0 0.34965729959272723 1.0 0.35070511403408333 0.019088613730720905 0.4249378736091076 0.28567183653413597 0.16302097772082053 0.10728069840521515 0.34988009549494953 0.019088615224036785 0.42493786662630634 0.28567184137698237 0.16302097370338253 0.10728070306929204 0.32046712930391025 0.021299687949675624 0.4477999150952519 0.30421520172191985 0.11391101983101458 0.1127741754021379 0.028008930242372283 0.021342540852355072 0.4456275522657958 0.3027598829345589 0.11804559461898928 0.11222442932830089 
23.166666666666668 0.3497519576558699 0.9999999999999999 0.34965729959272723 1.0 0.35070528501814724 0.019088613730720898 0.42493787360910756 0.2856718365341359 0.16302097772082055 0.1072806984052151 0.34988009549494953 0.019088615224036785 0.42493786662630634 0.28567184137698237 0.16302097370338253 0.10728070306929204 0.3196168465083025 0.02126302966038953 0.4496582514052154 0.305460146492864 0.11037411966380073 0.11324445277773033 0.30779569849777116 0.02135285981872815 0.44496611947769543 0.30231631658701535 0.11930760006635832 0.11205710405020274 
24.666666666666668 0.3497519576704981 1.0 0.34965729959272723 1.0 0.35070531485075396 0.019088613730720898 0.42493787360910756 0.28567183653413586 0.1630209777208205 0.1072806984052151 0.34988009549494953 0.019088615224036785 0.42493786662630634 0.28567184137698237 0.16302097370338253 0.10728070306929204 0.3201216301761339 0.021294025064102103 0.44808698648034384 0.30440751783706094 0.11336464788289638 0.1128468227355968 0.027070368077952614 0.021342540852355076 0.44562755226579587 0.30275988293455885 0.1180455946189893 0.11222442932830091 
26.166666666666668 0.34975195767307543 1.0 0.34965729959272723 1.0 0.35070532005580984 0.019088613730720894 0.42493787360910745 0.2856718365341358 0.1630209777208205 0.10728069840521509 0.34988009549494953 0.019088615224036785 0.42493786662630634 0.28567184137698237 0.16302097370338253 0.10728070306929204 0.31927410419137575 0.021257533703348083 0.4499368606018535 0.30564679358178526 0.10984385347414861 0.11331495863886448 0.30873566252235657 0.02135285981872815 0.4449661194776954 0.3023163165870153 0.11930760006635832 0.11205710405020275 
27.666666666666668 0.3497519576735297 1.0 0.34965729959272723 1.0 0.35070532096396345 0.019088613730720898 0.42493787360910756 0.2856718365341359 0.1630209777208205 0.10728069840521513 0.34988009549494953 0.019088615224036785 0.42493786662630634 0.28567184137698237 0.16302097370338253 0.10728070306929204 0.31977290359025196 0.02128828579945095 0.4483779297867947 0.30460242784665675 0.11281090665547769 0.11292044991161995 0.026131805913532945 0.021342540852355082 0.4456275522657959 0.3027598829345589 0.11804559461898932 0.11222442932830093 
29.166666666666668 0.34975195767360967 0.9999999999999999 0.34965729959272723 1.0 0.3507053211224138 0.0190886137307209 0.42493787360910756 0.28567183653413586 0.16302097772082053 0.10728069840521513 0.34988009549494953 0.019088615224036785 0.42493786662630634 0.28567184137698237 0.16302097370338253 0.10728070306929204 0.3189280290134541 0.02125195880424773 0.4502194716462951 0.30583612160605206 0.1093059707211816 0.11338647722222363 0.309675626546942 0.02135285981872815 0.4449661194776955 0.30231631658701535 0.11930760006635832 0.11205710405020274 
30.666666666666668 0.34975195767362366 1.0 0.34965729959272723 1.0 0.3507053211500595 0.019088613730720898 0.42493787360910756 0.28567183653413586 0.16302097772082053 0.1072806984052151 0.34988009549494953 0.019088615224036785 0.42493786662630634 0.28567184137698237 0.16302097370338253 0.10728070306929204 0.3194208298788446 0.02128246929856919 0.44867278846667313 0.3047999608603066 0.11224971344810454 0.11299506792634656 0.025193243749113286 0.021342540852355076 0.4456275522657958 0.30275988293455885 0.11804559461898928 0.1122244293283009 
32.166666666666664 0.3497519576736261 0.9999999999999999 0.34965729959272723 1.0 0.35070532115488307 0.019088613730720898 0.42493787360910756 0.2856718365341359 0.16302097772082053 0.1072806984052151 0.34988009549494953 0.019088615224036785 0.42493786662630634 0.28567184137698237 0.16302097370338253 0.10728070306929204 0.318578507228759 0.021246304077061913 0.45050612945430957 0.3060281606558325 0.10876038591843952 0.1134590198943564 0.31061559057152743 0.02135285981872815 0.4449661194776954 0.3023163165870153 0.11930760006635831 0.11205710405020272 
33.666666666666664 0.3497519576736266 1.0 0.34965729959272723 1.0 0.35070532115572456 0.0190886137307209 0.4249378736091077 0.28567183653413586 0.16302097772082053 0.10728069840521515 0.34988009549494953 0.019088615224036785 0.42493786662630634 0.28567184137698237 0.16302097370338253 0.10728070306929204 0.3190652992426471 0.02127657464136231 0.448971609162774 0.30500014812515536 0.11168097948733569 0.11307068858337273 0.024254681584693617 0.021342540852355076 0.4456275522657958 0.30275988293455885 0.1180455946189893 0.1122244293283009 
35.166666666666664 0.3497519576736266 1.0 0.34965729959272723 1.0 0.3507053211558714 0.019088613730720898 0.4249378736091076 0.2856718365341359 0.1630209777208205 0.10728069840521513 0.34988009549494953 0.019088615224036785 0.42493786662630634 0.28567184137698237 0.16302097370338253 0.10728070306929204 0.31822543417187765 0.021240568576607412 0.45079688194052725 0.306222942830305 0.10820700787184609 0.11353259878071421 0.31155555459611284 0.02135285981872815 0.4449661194776955 0.30231631658701535 0.11930760006635832 0.11205710405020274 
36.666666666666664 0.3497519576736267 1.0 0.34965729959272723 1.0 0.350705321155897 0.0190886137307209 0.4249378736091076 0.28567183653413586 0.16302097772082055 0.10728069840521513 0.34988009549494953 0.019088615224036785 0.42493786662630634 0.28567184137698237 0.16302097370338253 0.10728070306929204 0.31870621036663627 0.021270600849963007 0.44927444144659473 0.3052030228503568 0.11110461042564286 0.11314732442744267 0.02331611942027395 0.021342540852355076 0.4456275522657958 0.30275988293455885 0.11804559461898928 0.1122244293283009 
38.166666666666664 0.3497519576736266 1.0 0.34965729959272723 1.0 0.3507053211559015 0.019088613730720898 0.42493787360910756 0.2856718365341359 0.16302097772082053 0.10728069840521513 0.34988009549494953 0.019088615224036785 0.42493786662630634 0.28567184137698237 0.16302097370338253 0.10728070306929204 0.3178687129786469 0.02123475130312523 0.4510917797862116 0.3064205020820826 0.10764574012169789 0.11360722670688281 0.3124955186206982 0.021352859818728153 0.4449661194776955 0.30231631658701535 0.11930760006635834 0.11205710405020275 
39.666666666666664 0.3497519576736266 1.0 0.34965729959272723 1.0 0.35070532115590225 0.0190886137307209 0.42493787360910756 0.2856718365341359 0.16302097772082055 0.10728069840521512 0.34988009549494953 0.019088615224036785 0.42493786662630634 0.28567184137698237 0.16302097370338253 0.10728070306929204 0.31834346921949247 0.021264546893122235 0.4495813375957401 0.30540862005795205 0.11052050676506764 0.11322498868811806 0.02237755725585428 0.021342540852355076 0.44562755226579587 0.3027598829345589 0.1180455946189893 0.11222442932830091 
41.166666666666664 0.34975195767362655 1.0 0.34965729959272723 1.0 0.35070532115590236 0.0190886137307209 0.4249378736091076 0.2856718365341359 0.16302097772082055 0.10728069840521513 0.34988009549494953 0.019088615224036785 0.42493786662630634 0.28567184137698237 0.16302097370338253 0.10728070306929204 0.3175082534764964 0.02122885120616239 0.45139087624248037 0.3066208740853863 0.10707648131718653 0.11368291714878445 0.3134354826452837 0.02135285981872815 0.44496611947769543 0.3023163165870153 0.11930760006635832 0.11205710405020274 
42.666666666666664 0.34975195767362666 1.0 0.34965729959272723 1.0 0.35070532115590236 0.0190886137307209 0.4249378736091076 0.2856718365341359 0.16302097772082055 0.10728069840521513 0.34988009549494953 0.019088615224036785 0.42493786662630634 0.28567184137698237 0.16302097370338253 0.10728070306929204 0.3179769880122632 0.02125841168992451 0.449892352405579 0.3056169764566939 0.10992856421568761 0.11330369523211507 0.021438995091434616 0.021342540852355072 0.4456275522657958 0.30275988293455885 0.11804559461898928 0.1122244293283009 
44.166666666666664 0.3497519576736267 1.0 0.34965729959272723 1.0 0.35070532115590236 0.019088613730720894 0.4249378736091076 0.2856718365341359 0.16302097772082055 0.10728069840521513 0.34988009549494953 0.019088615224036785 0.42493786662630634 0.28567184137698237 0.16302097370338253 0.10728070306929204 0.31714397122189086 0.021222867187845978 0.45169422696433464 0.30682409612485784 0.10649912553228445 0.11375968419067717 0.31437544666986905 0.021352859818728153 0.4449661194776955 0.30231631658701535 0.11930760006635834 0.11205710405020276 
45.666666666666664 0.3497519576736267 1.0 0.34965729959272723 1.0 0.35070532115590236 0.0190886137307209 0.4249378736091076 0.2856718365341359 0.16302097772082055 0.10728069840521513 0.34988009549494953 0.019088615224036785 0.42493786662630634 0.28567184137698237 0.16302097370338253 0.10728070306929204 0.31760668429518085 0.02125219411291612 0.4502075430306656 0.3058281303358106 0.10932867399743364 0.11338345852317404 0.02050043292701495 0.021342540852355076 0.4456275522657958 0.30275988293455885 0.11804559461898928 0.11222442932830089 
47.166666666666664 0.34975195767362655 1.0 0.34965729959272723 1.0 0.35070532115590236 0.0190886137307209 0.4249378736091077 0.2856718365341359 0.16302097772082055 0.10728069840521513 0.34988009549494953 0.019088615224036785 0.42493786662630634 0.28567184137698237 0.16302097370338253 0.10728070306929204 0.31677578666541295 0.021216798105628643 0.452001889871477 0.3070302070023167 0.10591356253064521 0.11383754248993246 0.31531541069445446 0.021352859818728153 0.4449661194776955 0.30231631658701535 0.11930760006635834 0.11205710405020275 
48.666666666666664 0.34975195767362677 0.9999999999999999 0.34965729959272723 1.0 0.35070532115590236 0.0190886137307209 0.4249378736091076 0.2856718365341359 0.16302097772082055 0.10728069840521513 0.34988009549494953 0.019088615224036785 0.42493786662630634 0.28567184137698237 0.16302097370338253 0.10728070306929204 0.317232480174325 0.02124589299072282 0.4505269688520382 0.30604212147610643 0.10872072309265492 0.11346429358847746 0.019561870762595277 0.02134254085235508 0.4456275522657959 0.3027598829345589 0.11804559461898932 0.11222442932830093 
50.166666666666664 0.3497519576736266 1.0 0.34965729959272723 1.0 0.35070532115590236 0.0190886137307209 0.4249378736091077 0.2856718365341359 0.16302097772082055 0.10728069840521512 0.34988009549494953 0.019088615224036785 0.42493786662630634 0.28567184137698237 0.16302097370338253 0.10728070306929204 0.31640362442756537 0.02121064277457446 0.4523139250324347 0.3072392469591331 0.10531967798614644 0.11391650724771119 0.3162553747190399 0.02135285981872815 0.44496611947769543 0.30231631658701535 0.11930760006635832 0.11205710405020275 
51.666666666666664 0.3497519576736266 1.0 0.34965729959272723 1.0 0.35070532115590236 0.0190886137307209 0.4249378736091076 0.2856718365341359 0.16302097772082055 0.10728069840521513 0.34988009549494953 0.019088615224036785 0.42493786662630634 0.28567184137698237 0.16302097370338253 0.10728070306929204 0.3168543016322176 0.021239507110223457 0.45085069136703154 0.3062589910761445 0.10810459445583488 0.11354621599076546 0.018623308598175615 0.021342540852355076 0.4456275522657958 0.30275988293455885 0.1180455946189893 0.11222442932830091 
53.166666666666664 0.3497519576736266 1.0 0.34965729959272723 1.0 0.3507053211559024 0.019088613730720898 0.42493787360910756 0.28567183653413586 0.16302097772082053 0.10728069840521513 0.34988009549494953 0.019088615224036785 0.42493786662630634 0.28567184137698237 0.16302097370338253 0.10728070306929204 0.31602741267058604 0.021204399969244433 0.4526303945689775 0.30745125761219405 0.1047173536648085 0.11399659418477545 0.3171953387436253 0.02135285981872815 0.4449661194776955 0.30231631658701535 0.11930760006635834 0.11205710405020274 
54.666666666666664 0.3497519576736267 1.0 0.34965729959272723 1.0 0.35070532115590236 0.0190886137307209 0.4249378736091076 0.2856718365341359 0.16302097772082055 0.10728069840521513 0.34988009549494953 0.019088615224036785 0.42493786662630634 0.28567184137698237 0.16302097370338253 0.10728070306929204 0.31647207793852744 0.021233035218336874 0.45117877409869267 0.30647878169156145 0.10748016718599669 0.11362924180541242 0.01768474643375595 0.021342540852355076 0.4456275522657958 0.30275988293455885 0.11804559461898928 0.11222442932830089 
56.166666666666664 0.3497519576736266 1.0 0.34965729959272723 1.0 0.35070532115590236 0.0190886137307209 0.4249378736091076 0.2856718365341359 0.16302097772082055 0.10728069840521513 0.34988009549494953 0.019088615224036785 0.42493786662630634 0.28567184137698237 0.16302097370338253 0.10728070306929204 0.3156470825535069 0.021198068425233058 0.4529513625782227 0.30766628190171985 0.10410646757304845 0.11407781952177592 0.3181353027682108 0.021352859818728146 0.4449661194776954 0.3023163165870153 0.11930760006635831 0.11205710405020272 
57.666666666666664 0.3497519576736267 1.0 0.34965729959272723 1.0 0.35070532115590236 0.0190886137307209 0.4249378736091076 0.2856718365341359 0.16302097772082055 0.10728069840521513 0.34988009549494953 0.019088615224036785 0.42493786662630634 0.28567184137698237 0.16302097370338253 0.10728070306929204 0.3160857411388795 0.02122647602347169 0.4515112825222844 0.30670153718583126 0.10684731666658503 0.11371338760182761 0.01674618426933628 0.02134254085235508 0.44562755226579587 0.3027598829345589 0.11804559461898931 0.11222442932830091 
59.166666666666664 0.3497519576736267 1.0 0.34965729959272723 1.0 0.35070532115590236 0.0190886137307209 0.4249378736091076 0.2856718365341359 0.16302097772082053 0.10728069840521513 0.34988009549494953 0.019088615224036785 0.42493786662630634 0.28567184137698237 0.16302097370338253 0.10728070306929204 0.3179432590793114 0.021274025988057624 0.4494751702236025 0.3053387369045036 0.11071410659673338 0.11319796028710268 0.3190752667927962 0.02135285981872815 0.44496611947769543 0.3023163165870153 0.11930760006635832 0.11205710405020274 
60.666666666666664 0.34975195767362655 1.0 0.34965729959272723 1.0 0.35070532115590236 0.0190886137307209 0.4249378736091076 0.2856718365341359 0.16302097772082055 0.10728069840521513 0.34988009549494953 0.019088615224036785 0.42493786662630634 0.28567184137698237 0.16302097370338253 0.10728070306929204 0.32082208728552014 0.021356227750116537 0.4447443433765806 0.30216757509450626 0.11973085132783333 0.1120010024509633 0.015807622104916614 0.021342540852355076 0.44562755226579587 0.30275988293455885 0.1180455946189893 0.1122244293283009 
62.166666666666664 0.34975195767362677 0.9999999999999999 0.34965729959272723 1.0 0.35070532115590236 0.0190886137307209 0.4249378736091077 0.2856718365341359 0.16302097772082055 0.10728069840521513 0.34988009549494953 0.019088615224036785 0.42493786662630634 0.28567184137698237 0.16302097370338253 0.10728070306929204 0.3145546225450316 0.021134568997946437 0.4553431548582797 0.30926583561552423 0.09957298572396503 0.1146834548042847 0.32001523081738154 0.021352859818728153 0.4449661194776955 0.30231631658701535 0.11930760006635834 0.11205710405020275 
63.666666666666664 0.3497519576736266 1.0 0.34965729959272723 1.0 0.35070532115590236 0.019088613730720898 0.42493787360910756 0.2856718365341359 0.16302097772082053 0.10728069840521513 0.34988009549494953 0.019088615224036785 0.42493786662630634 0.28567184137698237 0.16302097370338253 0.10728070306929204 0.3165691391625262 0.02126654116890685 0.4497437273564132 0.305518276672732 0.1102054839479749 0.11326597085397312 0.014869059940496948 0.021342540852355072 0.4456275522657958 0.30275988293455885 0.11804559461898927 0.11222442932830089 
65.16666666666667 0.3497519576736266 1.0 0.34965729959272723 1.0 0.35070532115590236 0.0190886137307209 0.4249378736091076 0.2856718365341359 0.16302097772082053 0.10728069840521513 0.34988009549494953 0.019088615224036785 0.42493786662630634 0.28567184137698237 0.16302097370338253 0.10728070306929204 0.3181204012039256 0.021262442550917346 0.449924044180551 0.3056389849733772 0.10986291406674109 0.11331161422841331 0.320955194841967 0.02135285981872815 0.4449661194776955 0.30231631658701535 0.11930760006635832 0.11205710405020275 
66.66666666666667 0.3497519576736266 1.0 0.34965729959272723 1.0 0.35070532115590236 0.0190886137307209 0.4249378736091076 0.2856718365341359 0.16302097772082053 0.10728069840521513 0.34988009549494953 0.019088615224036785 0.42493786662630634 0.28567184137698237 0.16302097370338253 0.10728070306929204 0.3133342077316703 0.02106442885619585 0.45771654669273376 0.3108518559429308 0.09508257803703467 0.11528459047110483 0.013930497776077279 0.021342540852355076 0.44562755226579587 0.3027598829345589 0.11804559461898928 0.11222442932830091 
68.16666666666667 0.3497519576736266 1.0 0.34965729959272723 1.0 0.35070532115590236 0.0190886137307209 0.4249378736091076 0.2856718365341359 0.16302097772082055 0.10728069840521513 0.34988009549494953 0.019088615224036785 0.42493786662630634 0.28567184137698237 0.16302097370338253 0.10728070306929204 0.3194755255549678 0.02132183140666394 0.4465468817121258 0.30337533117394855 0.11629882123505988 0.11245713447220174 0.32189515886655246 0.02135285981872815 0.44496611947769543 0.3023163165870153 0.11930760006635832 0.11205710405020274 
69.66666666666667 0.34975195767362655 1.0 0.34965729959272723 1.0 0.35070532115590236 0.0190886137307209 0.4249378736091076 0.28567183653413597 0.16302097772082055 0.10728069840521513 0.34988009549494953 0.019088615224036785 0.42493786662630634 0.28567184137698237 0.16302097370338253 0.10728070306929204 0.3217694374602453 0.021280899983175672 0.4490891443979769 0.3050800042954369 0.11144966395920851 0.11310028736420216 0.012991935611657613 0.021342540852355076 0.44562755226579587 0.3027598829345589 0.1180455946189893 0.1122244293283009 
71.16666666666667 0.34975195767362677 0.9999999999999999 0.34965729959272723 1.0 0.35070532115590236 0.0190886137307209 0.4249378736091076 0.28567183653413597 0.16302097772082055 0.10728069840521513 0.34988009549494953 0.019088615224036785 0.42493786662630634 0.28567184137698237 0.16302097370338253 0.10728070306929204 0.3230484949258526 0.02135622775011654 0.4447443433765806 0.30216757509450626 0.11973085132783336 0.11200100245096334 0.32283512289113786 0.021352859818728146 0.44496611947769543 0.3023163165870153 0.11930760006635831 0.11205710405020274 
72.66666666666667 0.3497519576736266 1.0 0.34965729959272723 1.0 0.35070532115590236 0.0190886137307209 0.4249378736091076 0.2856718365341359 0.16302097772082055 0.10728069840521513 0.34988009549494953 0.019088615224036785 0.42493786662630634 0.28567184137698237 0.16302097370338253 0.10728070306929204 0.32288571399753224 0.021328638209111767 0.4463323256539342 0.303232027798521 0.11670422648180653 0.11240278185662643 0.012053373447237946 0.021342540852355076 0.44562755226579587 0.30275988293455885 0.11804559461898928 0.1122244293283009 
74.16666666666667 0.3497519576736267 1.0 0.34965729959272723 1.0 0.35070532115590236 0.0190886137307209 0.4249378736091076 0.2856718365341359 0.16302097772082055 0.10728069840521513 0.34988009549494953 0.019088615224036785 0.42493786662630634 0.28567184137698237 0.16302097370338253 0.10728070306929204 0.3231183244213266 0.021337141731252087 0.4459012525115786 0.30294324139769957 0.11752467144707188 0.11229369291239795 0.3237750869157232 0.021352859818728153 0.4449661194776955 0.30231631658701535 0.11930760006635834 0.11205710405020276 
75.66666666666667 0.3497519576736266 1.0 0.34965729959272723 1.0 0.35070532115590236 0.0190886137307209 0.4249378736091077 0.2856718365341359 0.16302097772082055 0.10728069840521513 0.34988009549494953 0.019088615224036785 0.42493786662630634 0.28567184137698237 0.16302097370338253 0.10728070306929204 0.32277523289936016 0.021323676154197294 0.4465838694929721 0.3034005431449599 0.1162254727483812 0.1124664384594894 0.011114811282818281 0.02134254085235507 0.4456275522657958 0.30275988293455885 0.11804559461898925 0.11222442932830087 
77.16666666666667 0.34975195767362655 1.0 0.34965729959272723 1.0 0.3507053211559024 0.019088613730720898 0.42493787360910756 0.2856718365341359 0.16302097772082053 0.10728069840521513 0.34988009549494953 0.019088615224036785 0.42493786662630634 0.28567184137698237 0.16302097370338253 0.10728070306929204 0.36056363955621457 0.017442280642259538 0.54328409125132 0.2598694243553578 0.0851701371451479 0.09423406660591456 0.3247150509403086 0.021352859818728153 0.44496611947769554 0.30231631658701535 0.11930760006635835 0.11205710405020275 
78.66666666666667 0.34975195767362677 0.9999999999999999 0.34965729959272723 1.0 0.35070532115590236 0.0190886137307209 0.4249378736091076 0.2856718365341359 0.16302097772082055 0.10728069840521513 0.34988009549494953 0.019088615224036785 0.42493786662630634 0.28567184137698237 0.16302097370338253 0.10728070306929204 0.337854255009786 0.02131981325980895 0.4467796930582078 0.3035317301223981 0.11585276927328213 0.11251599428630311 0.010176249118398614 0.021342540852355072 0.4456275522657958 0.30275988293455885 0.11804559461898927 0.1122244293283009 
79.83333333333333 0.3069692120639655 1.0 0.34965729959272723 1.0 0.35070532115590236 0.0190886137307209 0.4249378736091077 0.28567183653413597 0.16302097772082055 0.10728069840521513 0.34988009549494953 0.019088615224036785 0.42493786662630634 0.28567184137698237 0.16302097370338253 0.10728070306929204 0.3644147979873313 0.017092711451063777 0.5527230023617045 0.2581982587818826 0.07851334789134401 0.09347267951400508 0.3256550149648941 0.02135285981872815 0.44496611947769543 0.30231631658701535 0.11930760006635834 0.11205710405020275 
79.91666666666667 0.042782745609661124 1.0 0.34965729959272723 1.0 0.35070532115590236 0.0190886137307209 0.42493787360910756 0.28567183653413586 0.16302097772082053 0.10728069840521513 0.34988009549494953 0.019088615224036785 0.42493786662630634 0.28567184137698237 0.16302097370338253 0.10728070306929204 0.33538338940437995 0.021273114936043645 0.44951705365742317 0.30536678138016204 0.1106344887113717 0.11320856131499944 0.009237686953978946 0.02134254085235508 0.4456275522657959 0.3027598829345589 0.1180455946189893 0.11222442932830091 
80.0 0.3067877089357933 1.0 0.34963816031999995 1.0 0.35070532115590236 0.0190886137307209 0.4249378736091076 0.2856718365341359 0.16302097772082055 0.10728069840521513 0.34963816031999995 0.019095477386934675 0.42490577889447234 0.285694095477387 0.1630025125628141 0.10730213567839196 0.3252263522311324 0.021356227750116537 0.44474434337658053 0.3021675750945062 0.11973085132783333 0.11200100245096331 0.32659497898947953 0.02135285981872815 0.44496611947769543 0.3023163165870153 0.11930760006635832 0.11205710405020274 
81.41666666666667 0.3495704545454545 1.0 0.34963816031999995 1.0 0.35070532115590236 0.0190886137307209 0.4249378736091076 0.28567183653413597 0.16302097772082055 0.10728069840521513 0.34963816031999995 0.019095477386934675 0.42490577889447234 0.285694095477387 0.1630025125628141 0.10730213567839196 0.3566001796948088 0.016880633749502997 0.5589147085590148 0.2610304183154097 0.06864683300378306 0.09452740637228942 0.008299124789559277 0.02134254085235508 0.4456275522657959 0.3027598829345589 0.1180455946189893 0.11222442932830093 
82.91666666666667 0.3495704545454545 1.0 0.34963816031999995 1.0 0.35070532115590236 0.0190886137307209 0.4249378736091076 0.2856718365341359 0.16302097772082055 0.10728069840521513 0.04188189221845618 0.019095477386934675 0.42490577889447234 0.28569409547738694 0.16300251256281406 0.10730213567839196 0.3349441160933334 0.02135622775011654 0.4447443433765806 0.30216757509450626 0.11973085132783334 0.11200100245096332 0.32753494301406494 0.02135285981872815 0.44496611947769543 0.30231631658701535 0.11930760006635832 0.11205710405020274 
84.41666666666667 0.3495704545454545 1.0 0.34965729959272723 1.0 0.35070532115590236 0.0190886137307209 0.4249378736091076 0.2856718365341359 0.16302097772082055 0.10728069840521513 0.30796926911022665 0.019088613730720898 0.4249378736091076 0.2856718365341359 0.16302097772082055 0.10728069840521513 0.31607614589523164 0.021139303691040653 0.4548359690750695 0.30892512253275267 0.10054437830775172 0.11455522639338542 0.007360562625139611 0.02134254085235508 0.4456275522657959 0.3027598829345589 0.1180455946189893 0.11222442932830091 
85.91666666666667 0.3495704545454545 1.0 0.34965729959272723 1.0 0.35070532115590236 0.0190886137307209 0.4249378736091076 0.2856718365341359 0.16302097772082055 0.10728069840521513 0.04183470347186665 0.019088613730720898 0.42493787360910756 0.28567183653413586 0.1630209777208205 0.10728069840521512 0.31443646841665895 0.021185838663318055 0.4534155915535611 0.3079767554129472 0.10322644714151102 0.11419536722866265 0.3284749070386504 0.02135285981872815 0.44496611947769543 0.3023163165870153 0.11930760006635832 0.11205710405020274 
87.33333333333333 0.43643730643183076 1.0 0.34965729959272723 1.0 0.37507296918512617 0.017249626236997086 0.4782948815700284 0.26072955442292767 0.14703616985629783 0.09668976791374899 0.30804544470846706 0.019088613730720898 0.42493787360910756 0.28567183653413586 0.16302097772082053 0.10728069840521512 0 0 0 0 0 0 0.0064220004607199455 0.021342540852355076 0.44562755226579587 0.30275988293455885 0.11804559461898928 0.1122244293283009 
87.66666666666667 0.4095135534044954 1.0 0.34965729959272723 1.0 0.36148902183041065 0.0190886137307209 0.4249378736091077 0.2856718365341359 0.16302097772082058 0.10728069840521513 0.04175852787362625 0.019088613730720898 0.4249378736091077 0.2856718365341359 0.16302097772082055 0.10728069840521513 0 0 0 0 0 0 0.32941487106323575 0.021352859818728153 0.4449661194776955 0.30231631658701535 0.11930760006635834 0.11205710405020276 
89.16666666666667 0.3728822548141514 1.0 0.3496668083186118 1.0 0.3903090982803947 0.01633007779563978 0.5049749724751615 0.24825767154306494 0.13904329050971032 0.09139398767642354 0.3081216203067075 0.019088613730720898 0.4249378736091076 0.2856718365341359 0.16302097772082053 0.10728069840521513 0 0 0 0 0 0 0.005483438296300278 0.02134254085235508 0.4456275522657959 0.30275988293455897 0.1180455946189893 0.11222442932830091 
90.66666666666667 0.35367340690917753 1.0 0.34963816031999995 1.0 0.36812701467797393 0.019088613730720898 0.42493787360910745 0.28567183653413586 0.1630209777208205 0.1072806984052151 0.041682352275385866 0.0190886137307209 0.4249378736091076 0.2856718365341359 0.16302097772082055 0.10728069840521515 0 0 0 0 0 0 0.33035483508782115 0.02135285981872815 0.4449661194776955 0.30231631658701535 0.11930760006635834 0.11205710405020275 
92.16666666666667 0.35061406963434555 1.0 0.3496668083186118 1.0 0.3532726012910548 0.019061528876406823 0.4257237227745798 0.28530448325982144 0.16278555132791317 0.10712471376127877 0.3081977959049478 0.019088613730720898 0.4249378736091076 0.2856718365341359 0.16302097772082055 0.10728069840521513 0 0 0 0 0 0 0.004544876131880611 0.021342540852355076 0.44562755226579587 0.3027598829345589 0.11804559461898928 0.1122244293283009 
93.66666666666667 0.3499672704524922 1.0 0.34965729959272723 1.0 0.35122609156838275 0.019088613730720905 0.4249378736091076 0.2856718365341359 0.16302097772082055 0.10728069840521515 0.04160617667714549 0.019088613730720894 0.42493787360910756 0.28567183653413586 0.16302097772082053 0.1072806984052151 0 0 0 0 0 0 0.33129479911240656 0.02135285981872815 0.4449661194776955 0.30231631658701535 0.11930760006635834 0.11205710405020274 
95.16666666666667 0.34982469837604235 1.0 0.3496668083186118 1.0 0.3509024879430385 0.019079978015094683 0.4251884331963741 0.2855547098782362 0.16294591453766738 0.10723096437262737 0.30827397150318825 0.019088613730720894 0.42493787360910756 0.28567183653413586 0.1630209777208205 0.10728069840521512 0 0 0 0 0 0 0.0036063139674609446 0.021342540852355076 0.44562755226579587 0.30275988293455885 0.1180455946189893 0.1122244293283009 
96.66666666666667 0.3497929964147225 1.0 0.34965729959272723 1.0 0.3507669939396483 0.019088613730720898 0.42493787360910756 0.28567183653413586 0.16302097772082053 0.10728069840521509 0.3881175707946022 0.01629988450427614 0.5058510203615343 0.2478481543604674 0.13878084059665305 0.09122010017706914 0 0 0 0 0 0 0.33223476313699196 0.021352859818728153 0.4449661194776955 0.30231631658701535 0.11930760006635834 0.11205710405020275 
98.16666666666667 0.34978593372046374 1.0 0.3496668083186118 1.0 0.350814555968408 0.019080667279984698 0.42516843463066956 0.28556405841344634 0.16295190575124133 0.1072349339246582 0.34988014818033364 0.0190886137307209 0.4249378736091076 0.2856718365341359 0.16302097772082053 0.10728069840521513 0 0 0 0 0 0 0.0026677518030412775 0.021342540852355076 0.44562755226579587 0.3027598829345589 0.1180455946189893 0.11222442932830091 
99.66666666666667 0.3497843595936432 1.0 0.34965729959272723 1.0 0 0 0 0 0 0 0.3881175707946022 0.01629988450427614 0.5058510203615343 0.2478481543604674 0.13878084059665305 0.09122010017706914 0 0 0 0 0 0 0.33317472716157737 0.021352859818728146 0.44496611947769543 0.30231631658701535 0.11930760006635832 0.11205710405020274 
